% Triangulation
newlinks/L103001
flat_solution  0.00000000
oriented_manifold
CS_unknown

1 0
    torus   0.000000000000   0.000000000000

2
   1    1    1    1 
 1230 3012 0132 0132
   0    0    0    0 
  0  0  0  0  0  0  0  0  0  0  0  0  0 -1  1  0
  0  0  0  0  0  0  0  0  0  0  0  0  0  0  0  0
  0  1  0 -1  1  0  0 -1 -1  1  0  0  1 -3  2  0
  0  0  0  0  0  0  0  0  0  0  0  0  0  0  0  0
 -1.000000000000   0.000000000000

   0    0    0    0 
 1230 3012 0132 0132
   0    0    0    0 
  0  0  0  0  0  0  0  0  1  0  0 -1  0  0  0  0
  0  0  0  0  0  0  0  0  0  0  0  0  0  0  0  0
  0 -1  1  0 -1  0  1  0  3 -1  0 -2 -1  1  0  0
  0  0  0  0  0  0  0  0  0  0  0  0  0  0  0  0
 -1.000000000000   0.000000000000

