% Triangulation
newlinks/L105001
flat_solution  0.00000000
oriented_manifold
CS_unknown

1 0
    torus   0.000000000000   0.000000000000

3
   1    1    2    2 
 0132 1302 0132 0132
   0    0    0    0 
  0  1 -1  0  0  0  0  0  0  0  0  0  0  0  0  0
  0  0  0  0  0  0  0  0  0  0  0  0  0  0  0  0
  0 10 -10  0  0  0  0  0  0  1  0 -1  0  1 -1  0
  0  0  0  0  0  0  0  0  0  0  0  0  0  0  0  0
 -1.618033988750   0.000000000000

   0    2    2    0 
 0132 2031 0213 2031
   0    0    0    0 
  0 -1  1  0  0  0  1 -1  0  0  0  0  0  0  0  0
  0  0  0  0  0  0  0  0  0  0  0  0  0  0  0  0
  0 -9 10 -1  0  0 10 -10  0  1  0 -1  0  0  0  0
  0  0  0  0  0  0  0  0  0  0  0  0  0  0  0  0
  0.381966011250   0.000000000000

   1    1    0    0 
 1302 0213 0132 0132
   0    0    0    0 
  0 -1  0  1  0  0  0  0  1 -1  0  0  0  0  0  0
  0  0  0  0  0  0  0  0  0  0  0  0  0  0  0  0
  0 -10  0 10  0  0  0  0  9 -10  0  1 -1  0  1  0
  0  0  0  0  0  0  0  0  0  0  0  0  0  0  0  0
 -0.618033988750   0.000000000000

