% Triangulation
newlinks/L107002
geometric_solution  3.33174423
oriented_manifold
CS_unknown

1 0
    torus   0.000000000000  -0.000000000000

4
   2    3    1    2 
 0132 1230 0132 2031
   0    0    0    0 
  0 -1  0  1  0  0  0  0  0  0  0  0  0  0  0  0
  0  0  0  0  0  0  0  0  0  0  0  0  0  0  0  0
  0 -2  0  2  1  0  0 -1  0  1  0 -1  1 -1  0  0
  0  0  0  0  0  0  0  0  0  0  0  0  0  0  0  0
  0.979683927137   0.590569559842

   1    1    3    0 
 1302 2031 2031 0132
   0    0    0    0 
  0  1 -1  0  0  0  0  0 -1  1  0  0 -1  0  1  0
  0  0  0  0  0  0  0  0  0  0  0  0  0  0  0  0
  0  2 -2  0  0  0  0  0 -2  2  0  0 -2  0  2  0
  0  0  0  0  0  0  0  0  0  0  0  0  0  0  0  0
  1.163691171475   0.564185632269

   0    0    3    3 
 0132 1302 3012 3120
   0    0    0    0 
  0  0  0  0  0  0  0  0  0 -1  0  1  0  0  0  0
  0  0  0  0  0  0  0  0  0  0  0  0  0  0  0  0
  0  1  0 -1 -1  0  1  0 -1 -2  0  3  0  1 -1  0
  0  0  0  0  0  0  0  0  0  0  0  0  0  0  0  0
  0.251322701057   0.451314970729

   2    2    0    1 
 3120 1230 3012 1302
   0    0    0    0 
  0  0  0  0  0  0  1 -1 -1  0  0  1  0  0  0  0
  0  0  0  0  0  0  0  0  0  0  0  0  0  0  0  0
  0 -1  1  0  0  0  2 -2 -3  1  0  2  1  0 -1  0
  0  0  0  0  0  0  0  0  0  0  0  0  0  0  0  0
  0.251322701057   0.451314970729

