% Triangulation
newlinks/L108002
geometric_solution  4.93524268
oriented_manifold
CS_unknown

1 0
    torus   0.000000000000   0.000000000000

6
   0    0    1    4 
 1230 3012 1023 2031
   0    0    0    0 
  0  0  0  0  1  0 -1  0  1 -1  0  0  0 -1  1  0
  0  0  0  0  0  0  0  0  0  0  0  0  0  0  0  0
  0  0  0  0 12  0 -12  0 12 -12  0  0  0 -12 12  0
  0  0  0  0  0  0  0  0  0  0  0  0  0  0  0  0
  0.874024780493   0.439440404752

   3    4    0    5 
 2310 3012 1023 2310
   0    0    0    0 
  0  0  1 -1  0  0  0  0  0 -1  0  1  1  0 -1  0
  0  0  0  0  0  0  0  0  0  0  0  0  0  0  0  0
  0  0 12 -12  0  0  0  0 -1 -11  0 12 11  1 -12  0
  0  0  0  0  0  0  0  0  0  0  0  0  0  0  0  0
  0.978630942960   0.461693912407

   5    5    3    3 
 1302 0321 0132 3120
   0    0    0    0 
  0  1 -1  0  0  0  0  0 -1  0  0  1  1 -1  0  0
  0  0  0  0  0  0  0  0  0  0  0  0  0  0  0  0
  0 11 -11  0 -1  0  0  1 -11  0  0 11 12 -12  0  0
  0  0  0  0  0  0  0  0  0  0  0  0  0  0  0  0
  0.332063735132   0.663208031951

   2    4    1    2 
 3120 0213 3201 0132
   0    0    0    0 
  0  0 -1  1  0  0  0  0 -1  1  0  0  0  0  0  0
  0  0  0  0  0  0  0  0  0  0  0  0  0  0  0  0
  0  0 -11 11 -1  0  1  0 -11 11  0  0  0  0  0  0
  0  0  0  0  0  0  0  0  0  0  0  0  0  0  0  0
  0.753892231883   0.748555527988

   1    0    3    5 
 1230 1302 0213 0132
   0    0    0    0 
  0  0  0  0  1  0 -1  0  0  0  0  0  0  0  0  0
  0  0  0  0  0  0  0  0  0  0  0  0  0  0  0  0
  0  0  0  0 11  0 -11  0 -1  0  0  1  0  0  0  0
  0  0  0  0  0  0  0  0  0  0  0  0  0  0  0  0
 -0.398802158527   0.283424290474

   1    2    4    2 
 3201 2031 0132 0321
   0    0    0    0 
  0  1  0 -1 -1  0  0  1  1 -1  0  0  0  0  0  0
  0  0  0  0  0  0  0  0  0  0  0  0  0  0  0  0
  0 11  0 -11 -12  0  0 12 12 -12  0  0  0  1 -1  0
  0  0  0  0  0  0  0  0  0  0  0  0  0  0  0  0
  0.396369816927   1.205588998097

