% Triangulation
newlinks/L108019
flat_solution  0.00000000
oriented_manifold
CS_unknown

1 0
    torus   0.000000000000  -0.000000000000

3
   2    1    1    1 
 1302 3120 1230 3120
   0    0    0    0 
  0  0  0  0 -1  0  1  0  1  0  0 -1  0  0  0  0
  0  0  0  0  0  0  0  0  0  0  0  0  0  0  0  0
  0  0  0  0  9  0 -9  0 -9  0  0  9 -1  1  0  0
  0  0  0  0  0  0  0  0  0  0  0  0  0  0  0  0
  2.000000000000   0.000000000000

   0    0    2    0 
 3120 3120 0132 3012
   0    0    0    0 
  0  0  0  0  0  0  0  0  1  0  0 -1  0  0  0  0
  0  0  0  0  0  0  0  0  0  0  0  0  0  0  0  0
  0 -1  1  0  0  0  0  0 -9  0  0  9  0  0  0  0
  0  0  0  0  0  0  0  0  0  0  0  0  0  0  0  0
 -1.000000000000   0.000000000000

   2    0    2    1 
 2310 2031 3201 0132
   0    0    0    0 
  0 -1  1  0  0  0  0  0  0  0  0  0 -1  1  0  0
  0  0  0  0  0  0  0  0  0  0  0  0  0  0  0  0
  0  9 -8 -1 -1  0  1  0 -1  1  0  0  8 -9  1  0
  0  0  0  0  0  0  0  0  0  0  0  0  0  0  0  0
  0.618033988750   0.000000000000

