% Triangulation
newlinks/L108004
geometric_solution  5.50048642
oriented_manifold
CS_unknown

1 0
    torus   0.000000000000   0.000000000000

6
   3    2    1    1 
 0321 1302 3012 0132
   0    0    0    0 
  0  0  0  0  0  0  0  0  0  0  0  0  1  0 -1  0
  0  0  0  0  0  0  0  0  0  0  0  0  0  0  0  0
  0  0  0  0  1  0 -1  0 -1  1  0  0 -8  1  7  0
  0  0  0  0  0  0  0  0  0  0  0  0  0  0  0  0
  1.327004938689   1.351922223780

   3    0    0    2 
 3012 1230 0132 0132
   0    0    0    0 
  0  0  0  0  0  0  0  0  0  1  0 -1  0  0  0  0
  0  0  0  0  0  0  0  0  0  0  0  0  0  0  0  0
  0  1  0 -1  0  0  0  0  0 -7  0  7  0  0  0  0
  0  0  0  0  0  0  0  0  0  0  0  0  0  0  0  0
  0.491893826226   0.368085306581

   4    4    1    0 
 1023 0321 0132 2031
   0    0    0    0 
  0  0  0  0  0  0  0  0  0  0  0  0 -1  0  1  0
  0  0  0  0  0  0  0  0  0  0  0  0  0  0  0  0
  0  0  1 -1  0  0  0  0  1  0  0 -1  7  0 -7  0
  0  0  0  0  0  0  0  0  0  0  0  0  0  0  0  0
  0.461192749201   1.075526068049

   0    4    5    1 
 0321 1023 0213 1230
   0    0    0    0 
  0  0  0  0 -1  0  1  0  0  0  0  0  0  1 -1  0
  0  0  0  0  0  0  0  0  0  0  0  0  0  0  0  0
  0  0  0  0  8  0 -8  0  1 -1  0  0 -1 -7  8  0
  0  0  0  0  0  0  0  0  0  0  0  0  0  0  0  0
  0.372343707258   0.743244198804

   3    2    5    2 
 1023 1023 0132 0321
   0    0    0    0 
  0  0  0  0  0  0  0  0  0  0  0  0 -1  1  0  0
  0  0  0  0  0  0  0  0  0  0  0  0  0  0  0  0
  0  0  0  0  0  0  0  0  1 -1  0  0  7 -7  0  0
  0  0  0  0  0  0  0  0  0  0  0  0  0  0  0  0
  0.663229004273   0.785367908526

   5    3    5    4 
 2310 0213 3201 0132
   0    0    0    0 
  0  0  0  0  1  0 -1  0  1 -1  0  0  0  1 -1  0
  0  0  0  0  0  0  0  0  0  0  0  0  0  0  0  0
  0  0  0  0 -8  0  8  0 -8  8  0  0  0 -8  8  0
  0  0  0  0  0  0  0  0  0  0  0  0  0  0  0  0
  0.729618831000   0.520655880102

