% Triangulation
newlinks/L108005
geometric_solution  6.99718915
oriented_manifold
CS_unknown

1 0
    torus   0.000000000000   0.000000000000

8
   6    2    1    1 
 1023 0213 3012 0132
   0    0    0    0 
  0  0  0  0  0  0  0  0  0  0  0  0 -1  0  1  0
  0  0  0  0  0  0  0  0  0  0  0  0  0  0  0  0
  0  0  0  0  0  0  0  0  1 -1  0  0 11 -1 -10  0
  0  0  0  0  0  0  0  0  0  0  0  0  0  0  0  0
  1.429656914046   0.918826950515

   5    0    0    2 
 3012 1230 0132 1023
   0    0    0    0 
  0  0  0  0  0  0  0  0  1 -1  0  0  0  0  0  0
  0  0  0  0  0  0  0  0  0  0  0  0  0  0  0  0
  0  0  0  0  0  0  0  0 -10 10  0  0  0  0  0  0
  0  0  0  0  0  0  0  0  0  0  0  0  0  0  0  0
  0.708773501453   0.395926153866

   7    3    0    1 
 1023 0213 0213 1023
   0    0    0    0 
  0  0  0  0  0  0  0  0  0  0  0  0  0  0  0  0
  0  0  0  0  0  0  0  0  0  0  0  0  0  0  0  0
  0  0  0  0 -1  0  1  0  0  0  0  0  0 -1  1  0
  0  0  0  0  0  0  0  0  0  0  0  0  0  0  0  0
  0.087384487445   1.211199366171

   5    7    2    4 
 1023 0213 0213 0132
   0    0    0    0 
  0 -1  0  1  0  0  0  0  0  0  0  0  0  0  0  0
  0  0  0  0  0  0  0  0  0  0  0  0  0  0  0  0
  0 11  0 -11  0  0  0  0  0  0  0  0 -1  0  1  0
  0  0  0  0  0  0  0  0  0  0  0  0  0  0  0  0
  0.195567059392   1.002696950053

   6    7    3    5 
 3012 2031 0132 0132
   0    0    0    0 
  0  1 -1  0  1  0  0 -1  0  0  0  0  0  0  0  0
  0  0  0  0  0  0  0  0  0  0  0  0  0  0  0  0
  0 -11 11  0 -10  0  0 10  0  0  0  0 -1  1  0  0
  0  0  0  0  0  0  0  0  0  0  0  0  0  0  0  0
  1.480327929958   1.889405458800

   6    3    4    1 
 0321 1023 0132 1230
   0    0    0    0 
  0  0  0  0  0  0  1 -1  0  0  0  0  0  0  0  0
  0  0  0  0  0  0  0  0  0  0  0  0  0  0  0  0
  0  0  0  0  0  0 -10 10  0  0  0  0 -1  1  0  0
  0  0  0  0  0  0  0  0  0  0  0  0  0  0  0  0
  0.195567059392   1.002696950053

   5    0    7    4 
 0321 1023 0132 1230
   0    0    0    0 
  0  0  1 -1  0  0  0  0  0  0  0  0  0  1 -1  0
  0  0  0  0  0  0  0  0  0  0  0  0  0  0  0  0
  0  0 -10 10  1  0 -1  0  0 -1  0  1  0 -11 11  0
  0  0  0  0  0  0  0  0  0  0  0  0  0  0  0  0
  0.779766685646   0.568572962317

   4    2    3    6 
 1302 1023 0213 0132
   0    0    0    0 
  0  0  1 -1  0  0  0  0 -1  0  0  1  0  0  0  0
  0  0  0  0  0  0  0  0  0  0  0  0  0  0  0  0
  0  1 -11 10 -1  0  0  1 11  0  0 -11  0  0  0  0
  0  0  0  0  0  0  0  0  0  0  0  0  0  0  0  0
  0.592378672365   1.529334912601

