% Triangulation
newlinks/L108012
geometric_solution  8.93585693
oriented_manifold
CS_unknown

1 0
    torus   0.000000000000   0.000000000000

10
   7    3    1    6 
 0321 3012 1023 1230
   0    0    0    0 
  0  0  0  0  0  0  0  0  0  0  0  0  0  0  0  0
  0  0  0  0  0  0  0  0  0  0  0  0  0  0  0  0
  0  0  0  0  1  0  0 -1 -1  1  0  0  0 -1  1  0
  0  0  0  0  0  0  0  0  0  0  0  0  0  0  0  0
  0.194261879559   0.655479404145

   8    8    0    5 
 0213 2103 1023 1230
   0    0    0    0 
  0  0  0  0  0  0  0  0  1  0  0 -1  0  0  0  0
  0  0  0  0  0  0  0  0  0  0  0  0  0  0  0  0
  0  0  0  0  0  0  0  0  2 -1  0 -1  0  1 -1  0
  0  0  0  0  0  0  0  0  0  0  0  0  0  0  0  0
  0.180437967537   0.983586366249

   3    9    3    4 
 2103 0321 0132 0132
   0    0    0    0 
  0  0  0  0  0  0  0  0  0  0  0  0  0  0  0  0
  0  0  0  0  0  0  0  0  0  0  0  0  0  0  0  0
  0  0  0  0  0  0 -1  1  0  0  0  0 -1  0  1  0
  0  0  0  0  0  0  0  0  0  0  0  0  0  0  0  0
  0.141046595891   0.512053756524

   0    7    2    2 
 1230 0213 2103 0132
   0    0    0    0 
  0  0  0  0  0  0  0  0  0  0  0  0  0  0  0  0
  0  0  0  0  0  0  0  0  0  0  0  0  0  0  0  0
  0  0  0  0 -1  0  0  1  1  0  0 -1  0 -1  1  0
  0  0  0  0  0  0  0  0  0  0  0  0  0  0  0  0
  0.858953404109   0.512053756524

   9    8    2    5 
 1302 0213 0132 0132
   0    0    0    0 
  0  0  0  0  0  0  0  0  0  0  0  0  0  0  0  0
  0  0  0  0  0  0  0  0  0  0  0  0  0  0  0  0
  0  1  0 -1  1  0 -1  0  0  0  0  0  1 -1  0  0
  0  0  0  0  0  0  0  0  0  0  0  0  0  0  0  0
  0.805738120441   0.655479404145

   1    7    4    9 
 3012 0132 0132 2310
   0    0    0    0 
  0  0  0  0  0  0  0  0  0  0  0  0  1 -1  0  0
  0  0  0  0  0  0  0  0  0  0  0  0  0  0  0  0
  0  0  1 -1  0  0  0  0  0  0  0  0  1 -1  0  0
  0  0  0  0  0  0  0  0  0  0  0  0  0  0  0  0
  0.881484334398   0.399896150737

   0    8    7    9 
 3012 0321 0132 0132
   0    0    0    0 
  0  0  0  0  0  0  0  0  0  0  0  0  0 -1  1  0
  0  0  0  0  0  0  0  0  0  0  0  0  0  0  0  0
  0  0  0  0  0  0  0  0  1  0  0 -1  0 -2  2  0
  0  0  0  0  0  0  0  0  0  0  0  0  0  0  0  0
  0.118515665602   0.399896150737

   0    5    3    6 
 0321 0132 0213 0132
   0    0    0    0 
  0  0  0  0  0  0  0  0  0  1  0 -1  0  0  0  0
  0  0  0  0  0  0  0  0  0  0  0  0  0  0  0  0
  0  0  0  0  0  0  0  0  1  1  0 -2 -1  0  1  0
  0  0  0  0  0  0  0  0  0  0  0  0  0  0  0  0
 -0.075122696672   0.991790198419

   1    1    4    6 
 0213 2103 0213 0321
   0    0    0    0 
  0  0  0  0 -1  0  0  1  0  0  0  0  0  0  0  0
  0  0  0  0  0  0  0  0  0  0  0  0  0  0  0  0
  0  1 -1  0 -2  0  0  2  0  0  0  0  0 -1  1  0
  0  0  0  0  0  0  0  0  0  0  0  0  0  0  0  0
  0.180437967537   0.983586366249

   5    4    6    2 
 3201 2031 0132 0321
   0    0    0    0 
  0  0  0  0  0  0  0  0  0  0  0  0  0  0  0  0
  0  0  0  0  0  0  0  0  0  0  0  0  0  0  0  0
  0  0  0  0  0  0  0  0  1 -1  0  0  0 -1  1  0
  0  0  0  0  0  0  0  0  0  0  0  0  0  0  0  0
  0.497497406048   0.463553740335

