% Triangulation
newlinks/L109047
geometric_solution  10.04995786
oriented_manifold
CS_unknown

1 0
    torus   0.000000000000  -0.000000000000

11
   3    9    1    2 
 2310 3012 0132 0213
   0    0    0    0 
  0  0 -1  1  0  0  0  0  0  0  0  0 -1  0  1  0
  0  0  0  0  0  0  0  0  0  0  0  0  0  0  0  0
  0  0  5 -5 -1  0  0  1  0 -1  0  1  5  0 -5  0
  0  0  0  0  0  0  0  0  0  0  0  0  0  0  0  0
  0.604876617740   0.506843901806

   5    6    2    0 
 3201 2103 3201 0132
   0    0    0    0 
  0  0 -1  1  0  0  0  0  0  1  0 -1  0  0  0  0
  0  0  0  0  0  0  0  0  0  0  0  0  0  0  0  0
  0  0  5 -5  0  0  0  0  0 -5  0  5  0  1 -1  0
  0  0  0  0  0  0  0  0  0  0  0  0  0  0  0  0
  0.690267181701   0.767100216145

   1    7    3    0 
 2310 2103 0132 0213
   0    0    0    0 
  0  0  1 -1  0  0  0  0  0  0  0  0  1  0 -1  0
  0  0  0  0  0  0  0  0  0  0  0  0  0  0  0  0
  0  0 -5  5  1  0  0 -1  0  1  0 -1 -5  0  5  0
  0  0  0  0  0  0  0  0  0  0  0  0  0  0  0  0
  0.604876617740   0.506843901806

   5    4    0    2 
 0132 0132 3201 0132
   0    0    0    0 
  0  0  1 -1  0  0  0  0  0 -1  0  1  0  0  0  0
  0  0  0  0  0  0  0  0  0  0  0  0  0  0  0  0
  0  0 -5  5  0  0  0  0  0  5  0 -5  0 -1  1  0
  0  0  0  0  0  0  0  0  0  0  0  0  0  0  0  0
  0.690267181701   0.767100216145

   6    3    7   10 
 2031 0132 2103 3120
   0    0    0    0 
  0  0  1 -1 -1  0  1  0  0  0  0  0  0  1 -1  0
  0  0  0  0  0  0  0  0  0  0  0  0  0  0  0  0
  0  0 -6  6  5  0 -5  0 -1  1  0  0 -1 -5  6  0
  0  0  0  0  0  0  0  0  0  0  0  0  0  0  0  0
  0.604876617740   0.506843901806

   3   10    8    1 
 0132 3120 1302 2310
   0    0    0    0 
  0  1 -1  0  0  0  0  0  0  0  0  0  0  0  0  0
  0  0  0  0  0  0  0  0  0  0  0  0  0  0  0  0
  0 -6  6  0  0  0  0  0  0  0  0  0  0  0  0  0
  0  0  0  0  0  0  0  0  0  0  0  0  0  0  0  0
  0.452576205414   1.120873489937

   8    1    4    9 
 1023 2103 1302 2031
   0    0    0    0 
  0 -1  1  0  0  0  0  0  1  0  0 -1  0  0  0  0
  0  0  0  0  0  0  0  0  0  0  0  0  0  0  0  0
  0  5 -5  0  0  0  1 -1 -6  0  0  6  0 -1  1  0
  0  0  0  0  0  0  0  0  0  0  0  0  0  0  0  0
  0.956684569565   1.227185638225

   4    2    8    9 
 2103 2103 0132 0132
   0    0    0    0 
  0  0  0  0 -1  0  1  0 -1  0  0  1  1  0 -1  0
  0  0  0  0  0  0  0  0  0  0  0  0  0  0  0  0
  0 -1  0  1  5  0 -6  1  6  0  0 -6 -6  0  6  0
  0  0  0  0  0  0  0  0  0  0  0  0  0  0  0  0
 -0.547423794586   1.120873489937

   5    6   10    7 
 2031 1023 0132 0132
   0    0    0    0 
  0  0  0  0  1  0  0 -1  0 -1  0  1  0  0  0  0
  0  0  0  0  0  0  0  0  0  0  0  0  0  0  0  0
  0  0  0  0 -6  0  0  6  0  6  0 -6  0  0  0  0
  0  0  0  0  0  0  0  0  0  0  0  0  0  0  0  0
  0.351807951824   0.720341736419

   0    6    7   10 
 1230 1302 0132 0132
   0    0    0    0 
  0  0  0  0  0  0  0  0  0  0  0  0  0  1 -1  0
  0  0  0  0  0  0  0  0  0  0  0  0  0  0  0  0
  0  1 -1  0  1  0 -1  0  0  0  0  0  0 -6  6  0
  0  0  0  0  0  0  0  0  0  0  0  0  0  0  0  0
 -0.547423794586   1.120873489937

   4    5    9    8 
 3120 3120 0132 0132
   0    0    0    0 
  0  0  0  0  0  0  0  0  0  0  0  0  1 -1  0  0
  0  0  0  0  0  0  0  0  0  0  0  0  0  0  0  0
  0  0  0  0  0  0  0  0  0  0  0  0 -6  6  0  0
  0  0  0  0  0  0  0  0  0  0  0  0  0  0  0  0
  0.351807951824   0.720341736419

