% Triangulation
newlinks/L109038
geometric_solution  12.93285870
oriented_manifold
CS_unknown

1 0
    torus   0.000000000000   0.000000000000

14
  10   12    9    7 
 0321 0213 3201 0321
   0    0    0    0 
  0  0  1 -1  0  0  0  0  0  1  0 -1  0  0  0  0
  0  0  0  0  0  0  0  0  0  0  0  0  0  0  0  0
  0  0  9 -9  0  0  0  0  0  8  0 -8  0  1 -1  0
  0  0  0  0  0  0  0  0  0  0  0  0  0  0  0  0
  1.288553694041   1.270109653009

   8   13    6    7 
 0132 1302 1302 0132
   0    0    0    0 
  0 -1  1  0  0  0  0  0 -1  0  0  1  0 -1  1  0
  0  0  0  0  0  0  0  0  0  0  0  0  0  0  0  0
  0 -8  8  0  0  0  0  0 -9  0  0  9  0 -9  9  0
  0  0  0  0  0  0  0  0  0  0  0  0  0  0  0  0
  0.671386557689   1.198592979792

  11   10    3    3 
 0321 0213 0213 1230
   0    0    0    0 
  0  1  0 -1  0  0  0  0  0  0  0  0  0  0  0  0
  0  0  0  0  0  0  0  0  0  0  0  0  0  0  0  0
  0  9  0 -9  1  0  0 -1  0  0  0  0  0  0  0  0
  0  0  0  0  0  0  0  0  0  0  0  0  0  0  0  0
  0.467145833414   0.464360733011

   2    2    5    4 
 3012 0213 1023 0132
   0    0    0    0 
  0  0 -1  1  1  0  0 -1  0  0  0  0  0  0  0  0
  0  0  0  0  0  0  0  0  0  0  0  0  0  0  0  0
  0  0 -8  8  9  0  0 -9  1  0  0 -1  0  0  0  0
  0  0  0  0  0  0  0  0  0  0  0  0  0  0  0  0
  0.467145833414   0.464360733011

   6    5    3   11 
 1023 0132 0132 0321
   0    0    0    0 
  0  1 -1  0  0  0  1 -1  0  0  0  0  0  0  0  0
  0  0  0  0  0  0  0  0  0  0  0  0  0  0  0  0
  0  8 -8  0  0  0  9 -9 -1  0  0  1  0 -1  1  0
  0  0  0  0  0  0  0  0  0  0  0  0  0  0  0  0
 -0.541180359101   1.246803692988

   8    4    3    6 
 3012 0132 1023 0132
   0    0    0    0 
  0 -1  0  1  0  0  1 -1  0  0  0  0  0  0  0  0
  0  0  0  0  0  0  0  0  0  0  0  0  0  0  0  0
  0 -8  0  8  0  0  8 -8 -1  1  0  0  0  0  0  0
  0  0  0  0  0  0  0  0  0  0  0  0  0  0  0  0
  0.528734738674   0.682467972416

   1    4    5   11 
 2031 1023 0132 3012
   0    0    0    0 
  0  0 -1  1 -1  0  1  0 -1  0  0  1  0  0  0  0
  0  0  0  0  0  0  0  0  0  0  0  0  0  0  0  0
  0  0 -8  8 -8  0  8  0 -9  1  0  8  0  0  0  0
  0  0  0  0  0  0  0  0  0  0  0  0  0  0  0  0
  0.374543480735   0.886844527307

  13    0    1    8 
 1302 0321 0132 0132
   0    0    0    0 
  0  1  0 -1  0  0  0  0 -1  1  0  0  1  0 -1  0
  0  0  0  0  0  0  0  0  0  0  0  0  0  0  0  0
  0  9  0 -9 -1  0  0  1 -8  8  0  0  9  0 -9  0
  0  0  0  0  0  0  0  0  0  0  0  0  0  0  0  0
 -0.170093486256   0.748690393743

   1   10    7    5 
 0132 0132 0132 1230
   0    0    0    0 
  0 -1  1  0  0  0  0  0  0  0  0  0  1 -1  0  0
  0  0  0  0  0  0  0  0  0  0  0  0  0  0  0  0
  0 -9  9  0  0  0 -1  1  0  0  0  0  9 -9  0  0
  0  0  0  0  0  0  0  0  0  0  0  0  0  0  0  0
  0.379319198860   1.001549658717

   0   12   10   11 
 2310 0321 0132 0213
   0    0    0    0 
  0  0  0  0  0  0  0  0  0  1  0 -1 -1  0  1  0
  0  0  0  0  0  0  0  0  0  0  0  0  0  0  0  0
  0  0  0  0  1  0  0 -1  0  8  0 -8 -9  0  9  0
  0  0  0  0  0  0  0  0  0  0  0  0  0  0  0  0
  0.212748222935   0.775983248523

   0    8    2    9 
 0321 0132 0213 0132
   0    0    0    0 
  0  1 -1  0  0  0  0  0  0  1  0 -1  0  0  0  0
  0  0  0  0  0  0  0  0  0  0  0  0  0  0  0  0
  0  9 -9  0  0  0  0  0  0  9  0 -9  0  0  0  0
  0  0  0  0  0  0  0  0  0  0  0  0  0  0  0  0
  0.669290118209   0.873202227141

   2    4    6    9 
 0321 0321 1230 0213
   0    0    0    0 
  0  0  0  0  0  0 -1  1  0  0  0  0  0  1 -1  0
  0  0  0  0  0  0  0  0  0  0  0  0  0  0  0  0
  0  0  0  0  0  0 -8  8  0 -1  0  1 -1  9 -8  0
  0  0  0  0  0  0  0  0  0  0  0  0  0  0  0  0
  0.335418141852   0.543843385329

  13   13    0    9 
 2103 1023 0213 0321
   0    0    0    0 
  0  0  0  0  1  0 -1  0  1  0  0 -1  0  0  0  0
  0  0  0  0  0  0  0  0  0  0  0  0  0  0  0  0
  0  0  0  0  8  0 -8  0  8  0  0 -8  0  1 -1  0
  0  0  0  0  0  0  0  0  0  0  0  0  0  0  0  0
  0.829906513744   0.748690393743

  12    7   12    1 
 1023 2031 2103 2031
   0    0    0    0 
  0  1 -1  0  0  0 -1  1  0 -1  0  1  0  0  0  0
  0  0  0  0  0  0  0  0  0  0  0  0  0  0  0  0
  0  8 -8  0  0  0 -8  8  0 -9  0  9 -1  1  0  0
  0  0  0  0  0  0  0  0  0  0  0  0  0  0  0  0
  0.335693278844   0.599296489896

