% Triangulation
newlinks/L109003
geometric_solution  4.99485640
oriented_manifold
CS_unknown

1 0
    torus   0.000000000000  -0.000000000000

6
   4    1    1    2 
 0321 3201 1302 1023
   0    0    0    0 
  0  0  0  0  0  0  0  0  1  0  0 -1  0  0  0  0
  0  0  0  0  0  0  0  0  0  0  0  0  0  0  0  0
  0  1  0 -1  1  0 -1  0 -12 -1  0 13  0  0  0  0
  0  0  0  0  0  0  0  0  0  0  0  0  0  0  0  0
  0.716567670565   0.727030013654

   0    5    0    5 
 2031 3120 2310 3012
   0    0    0    0 
  0  0  0  0  0  0  0  0  0  0  0  0  0  0  0  0
  0  0  0  0  0  0  0  0  0  0  0  0  0  0  0  0
  0 -1  1  0  0  0  0  0  0  0  0  0  1  0 -1  0
  0  0  0  0  0  0  0  0  0  0  0  0  0  0  0  0
  0.465477568848   1.193992809181

   3    4    5    0 
 0132 3201 0132 1023
   0    0    0    0 
  0  0  0  0 -1  0  1  0  0 -1  0  1  0  1 -1  0
  0  0  0  0  0  0  0  0  0  0  0  0  0  0  0  0
  0  0  0  0 12  0 -13  1  0 13  0 -13  0 -12 12  0
  0  0  0  0  0  0  0  0  0  0  0  0  0  0  0  0
 -0.055814617720   1.607849041605

   2    3    4    3 
 0132 2310 0132 3201
   0    0    0    0 
  0  0  0  0  1  0 -1  0  0  0  0  0  0  0  0  0
  0  0  0  0  0  0  0  0  0  0  0  0  0  0  0  0
  0  0  0  0 -12  0 12  0  0  0  0  0  0  0  0  0
  0  0  0  0  0  0  0  0  0  0  0  0  0  0  0  0
 -0.173124471695   0.407639091848

   0    5    2    3 
 0321 1023 2310 0132
   0    0    0    0 
  0 -1  1  0  0  0 -1  1 -1  1  0  0  0  0  0  0
  0  0  0  0  0  0  0  0  0  0  0  0  0  0  0  0
  0 13 -13  0  0  0 12 -12 12 -12  0  0 -1  1  0  0
  0  0  0  0  0  0  0  0  0  0  0  0  0  0  0  0
  2.355403597616   2.120066440030

   4    1    1    2 
 1023 3120 1230 0132
   0    0    0    0 
  0  0  0  0  1  0  0 -1 -1  0  0  1  0  0  0  0
  0  0  0  0  0  0  0  0  0  0  0  0  0  0  0  0
  0  0  0  0 -13  0  0 13 12  0  0 -12 -1  1  0  0
  0  0  0  0  0  0  0  0  0  0  0  0  0  0  0  0
  0.716567670565   0.727030013654

