% Triangulation
newlinks/L109043
geometric_solution  5.90408586
oriented_manifold
CS_unknown

1 0
    torus   0.000000000000   0.000000000000

7
   1    2    4    5 
 0132 0213 2103 3201
   0    0    0    0 
  0  0  0  0 -1  0  0  1  1 -1  0  0  0  0  0  0
  0  0  0  0  0  0  0  0  0  0  0  0  0  0  0  0
  0  0  0  0 10  0  0 -10 -9  9  0  0 -1  0  1  0
  0  0  0  0  0  0  0  0  0  0  0  0  0  0  0  0
  0.579329655275   0.588590861470

   0    3    2    6 
 0132 3120 0132 2031
   0    0    0    0 
  0  0 -1  1  1  0  0 -1  0  1  0 -1 -1  0  1  0
  0  0  0  0  0  0  0  0  0  0  0  0  0  0  0  0
  0  0 10 -10 -10  0  0 10  1 -10  0  9  9  0 -9  0
  0  0  0  0  0  0  0  0  0  0  0  0  0  0  0  0
  0.544024001557   1.390068036215

   5    3    0    1 
 0132 2031 0213 0132
   0    0    0    0 
  0 -1  0  1 -1  0  1  0  0  1  0 -1  0  0  0  0
  0  0  0  0  0  0  0  0  0  0  0  0  0  0  0  0
  0 10  0 -10  9  0 -9  0  0 -9  0  9  0  0  0  0
  0  0  0  0  0  0  0  0  0  0  0  0  0  0  0  0
 -0.258863695901   0.501677090118

   2    1    4    6 
 1302 3120 0132 0132
   0    0    0    0 
  0  0 -1  1  0  0  0  0  1 -1  0  0 -1  0  1  0
  0  0  0  0  0  0  0  0  0  0  0  0  0  0  0  0
  0  0 10 -10  0  0  0  0 -10 10  0  0  9  0 -9  0
  0  0  0  0  0  0  0  0  0  0  0  0  0  0  0  0
  0.005556697597   0.843432676525

   0    6    5    3 
 2103 2031 0132 0132
   0    0    0    0 
  0 -1  0  1  0  0  0  0  0  1  0 -1  0  1 -1  0
  0  0  0  0  0  0  0  0  0  0  0  0  0  0  0  0
  0 10  0 -10  0  0  0  0  0 -9  0  9 -1 -9 10  0
  0  0  0  0  0  0  0  0  0  0  0  0  0  0  0  0
 -0.118599639234   0.509106570760

   2    0    6    4 
 0132 2310 0132 0132
   0    0    0    0 
  0  0  0  0  1  0 -1  0  0 -1  0  1  0  0  0  0
  0  0  0  0  0  0  0  0  0  0  0  0  0  0  0  0
  0  0  0  0 -9  0  9  0  0 10  0 -10  0  0  0  0
  0  0  0  0  0  0  0  0  0  0  0  0  0  0  0  0
 -0.298541760004   1.151517011438

   4    1    3    5 
 1302 1302 0132 0132
   0    0    0    0 
  0  1 -1  0 -1  0  0  1  1 -1  0  0 -1  1  0  0
  0  0  0  0  0  0  0  0  0  0  0  0  0  0  0  0
  0 -10 10  0  9  0  0 -9 -10 10  0  0  9 -9  0  0
  0  0  0  0  0  0  0  0  0  0  0  0  0  0  0  0
  0.873589532889   1.694686197235

