% Triangulation
newlinks/L109001
flat_solution  0.00000000
oriented_manifold
CS_unknown

1 0
    torus   0.000000000000   0.000000000000

5
   2    4    2    3 
 1302 0321 1302 0321
   0    0    0    0 
  0  0  0  0  0  0  0  0  0  1  0 -1  0  1 -1  0
  0  0  0  0  0  0  0  0  0  0  0  0  0  0  0  0
  0  0  0  0  0  0  0  0  0 17  0 -17  0 16 -16  0
  0  0  0  0  0  0  0  0  0  0  0  0  0  0  0  0
  1.716881417142   0.000000000000

   1    1    3    3 
 1230 3012 0321 1230
   0    0    0    0 
  0  0  0  0  0  0 -1  1 -1  0  0  1  0  1 -1  0
  0  0  0  0  0  0  0  0  0  0  0  0  0  0  0  0
  0  0 -1  1  0  0 -17 17 -17  0  0 17  0 17 -17  0
  0  0  0  0  0  0  0  0  0  0  0  0  0  0  0  0
  2.347296355334   0.000000000000

   0    0    4    4 
 2031 2031 2103 0321
   0    0    0    0 
  0  0  0  0  0  0  0  0  1  0  0 -1  0  0  0  0
  0  0  0  0  0  0  0  0  0  0  0  0  0  0  0  0
  0  0 -1  1  0  0  0  0 16  0  0 -16  0  0  0  0
  0  0  0  0  0  0  0  0  0  0  0  0  0  0  0  0
 -0.716881417142   0.000000000000

   1    0    1    4 
 3012 0321 0321 0132
   0    0    0    0 
  0  0  0  0  0  0  1 -1 -1  1  0  0 -1  0  1  0
  0  0  0  0  0  0  0  0  0  0  0  0  0  0  0  0
  0  0  1 -1 -1  0 17 -16 -17 17  0  0 -17  0 17  0
  0  0  0  0  0  0  0  0  0  0  0  0  0  0  0  0
  0.449098785111   0.000000000000

   2    2    3    0 
 2103 0321 0132 0321
   0    0    0    0 
  0  0  0  0  0  0  1 -1  0  1  0 -1  0  0  0  0
  0  0  0  0  0  0  0  0  0  0  0  0  0  0  0  0
  0 -1  1  0  0  0 16 -16  1 16  0 -17  0  0  0  0
  0  0  0  0  0  0  0  0  0  0  0  0  0  0  0  0
 -2.532088886238   0.000000000000

