% Triangulation
newlinks/L109010
geometric_solution  8.77345728
oriented_manifold
CS_unknown

1 0
    torus   0.000000000000  -0.000000000000

9
   2    5    1    3 
 2031 2031 0132 0321
   0    0    0    0 
  0  1 -1  0  0  0  0  0  1  0  0 -1  0  0  0  0
  0  0  0  0  0  0  0  0  0  0  0  0  0  0  0  0
  0 -6  6  0  0  0  0  0 -6 -1  0  7  0  0  0  0
  0  0  0  0  0  0  0  0  0  0  0  0  0  0  0  0
  0.199901013647   0.700735562005

   8    8    4    0 
 3012 0132 0132 0132
   0    0    0    0 
  0  0 -1  1 -1  0  1  0  0  0  0  0  0  0  0  0
  0  0  0  0  0  0  0  0  0  0  0  0  0  0  0  0
  0  0  6 -6  7  0 -7  0  0  0  0  0  1  0 -1  0
  0  0  0  0  0  0  0  0  0  0  0  0  0  0  0  0
  0.348759498147   0.865946913446

   6    4    0    3 
 3201 0213 1302 0132
   0    0    0    0 
  0  0  0  0  0  0  0  0  1 -1  0  0  0  1 -1  0
  0  0  0  0  0  0  0  0  0  0  0  0  0  0  0  0
  0  0  0  0  0  0  0  0 -7  7  0  0  0 -6  6  0
  0  0  0  0  0  0  0  0  0  0  0  0  0  0  0  0
  0.623532017763   1.319675664954

   6    0    2    5 
 0213 0321 0132 0132
   0    0    0    0 
  0  0  0  0  0  0  0  0 -1  1  0  0  0  0  0  0
  0  0  0  0  0  0  0  0  0  0  0  0  0  0  0  0
  0  0  0  0  1  0  0 -1  7 -7  0  0  0  0  0  0
  0  0  0  0  0  0  0  0  0  0  0  0  0  0  0  0
  0.101423317377   0.454902004739

   7    7    2    1 
 2031 0132 0213 0132
   0    0    0    0 
  0 -1  0  1  0  0  1 -1  0  0  0  0  1  0 -1  0
  0  0  0  0  0  0  0  0  0  0  0  0  0  0  0  0
  0  6  0 -6  0  0 -7  7  0 -1  0  1 -6  0  6  0
  0  0  0  0  0  0  0  0  0  0  0  0  0  0  0  0
  0.348759498147   0.865946913446

   0    8    3    8 
 1302 3012 0132 0132
   0    0    0    0 
  0 -1  0  1  0  0  0  0 -1  0  0  1  0  0  0  0
  0  0  0  0  0  0  0  0  0  0  0  0  0  0  0  0
  0  7  0 -7  0  0  1 -1  6  1  0 -7  1 -1  0  0
  0  0  0  0  0  0  0  0  0  0  0  0  0  0  0  0
  0.599815719021   0.993631269584

   3    7    7    2 
 0213 2031 1230 2310
   0    0    0    0 
  0  1  0 -1  1  0 -1  0  0  0  0  0  0 -1  1  0
  0  0  0  0  0  0  0  0  0  0  0  0  0  0  0  0
  0 -7  0  7 -7  0  7  0 -1  1  0  0  0  6 -6  0
  0  0  0  0  0  0  0  0  0  0  0  0  0  0  0  0
  0.554729615199   0.737617511059

   6    4    4    6 
 1302 0132 1302 3012
   0    0    0    0 
  0  1  0 -1  1  0 -1  0 -1  0  0  1  0  0  0  0
  0  0  0  0  0  0  0  0  0  0  0  0  0  0  0  0
  0 -6  0  6 -6  0  6  0  7  0  0 -7 -1  1  0  0
  0  0  0  0  0  0  0  0  0  0  0  0  0  0  0  0
  0.554729615199   0.737617511059

   5    1    5    1 
 1230 0132 0132 1230
   0    0    0    0 
  0  0 -1  1  0  0  0  0  0  0  0  0  1  0 -1  0
  0  0  0  0  0  0  0  0  0  0  0  0  0  0  0  0
  0  0  7 -7 -1  0  1  0  1  0  0 -1 -7  0  7  0
  0  0  0  0  0  0  0  0  0  0  0  0  0  0  0  0
  0.599815719021   0.993631269584

