% Triangulation
newlinks/L109012
geometric_solution  8.83664234
oriented_manifold
CS_unknown

1 0
    torus   0.000000000000   0.000000000000

10
   6    1    2    1 
 2310 1302 1302 0132
   0    0    0    0 
  0  1 -1  0  0  0  1 -1  1 -1  0  0  0  0  0  0
  0  0  0  0  0  0  0  0  0  0  0  0  0  0  0  0
  0 -3  3  0 -1  0 -2  3 -2  2  0  0  0  1 -1  0
  0  0  0  0  0  0  0  0  0  0  0  0  0  0  0  0
  0.763270219963   1.000820317877

   7    2    0    0 
 3201 3201 0132 2031
   0    0    0    0 
  0 -1  0  1  0  0  1 -1  0  0  0  0 -1  1  0  0
  0  0  0  0  0  0  0  0  0  0  0  0  0  0  0  0
  0  2  0 -2  0  0 -3  3  0  1  0 -1  3 -3  0  0
  0  0  0  0  0  0  0  0  0  0  0  0  0  0  0  0
  0.370163027769   0.247571342582

   0    8    1    8 
 2031 3012 2310 3201
   0    0    0    0 
  0  0  0  0  1  0 -1  0  0  0  0  0 -1  0  1  0
  0  0  0  0  0  0  0  0  0  0  0  0  0  0  0  0
  0  0 -1  1 -3  0  3  0  1 -1  0  0  2  0 -2  0
  0  0  0  0  0  0  0  0  0  0  0  0  0  0  0  0
  0.745394416853   0.788136435403

   9    5    5    4 
 0213 0213 1302 0132
   0    0    0    0 
  0 -1  0  1  0  0  0  0  0  0  0  0  0  0  0  0
  0  0  0  0  0  0  0  0  0  0  0  0  0  0  0  0
  0  2  1 -3 -1  0  1  0  0  0  0  0  1 -1  0  0
  0  0  0  0  0  0  0  0  0  0  0  0  0  0  0  0
  1.040002631020   0.798055932936

   9    7    3    5 
 1230 1023 0132 0321
   0    0    0    0 
  0  1 -1  0  0  0  0  0  0  0  0  0  0  0  0  0
  0  0  0  0  0  0  0  0  0  0  0  0  0  0  0  0
  0 -3  3  0  0  0  0  0  0  0  0  0  0  0  0  0
  0  0  0  0  0  0  0  0  0  0  0  0  0  0  0  0
  0.542529319566   0.785513248536

   3    4    3    6 
 2031 0321 0213 1230
   0    0    0    0 
  0  0  1 -1  0  0  0  0  0  0  0  0  0  0  0  0
  0  0  0  0  0  0  0  0  0  0  0  0  0  0  0  0
  0  0 -2  2 -1  0  0  1  0  0  0  0 -1  0  1  0
  0  0  0  0  0  0  0  0  0  0  0  0  0  0  0  0
 -0.062651588639   1.249904587449

   5    9    0    7 
 3012 0213 3201 0132
   0    0    0    0 
  0  0  0  0  1  0 -1  0  0  0  0  0  0  0  0  0
  0  0  0  0  0  0  0  0  0  0  0  0  0  0  0  0
  0  0  0  0 -2  0  2  0 -1  0  0  1  0 -1  1  0
  0  0  0  0  0  0  0  0  0  0  0  0  0  0  0  0
  1.160227575463   0.617477603464

   4    8    6    1 
 1023 0321 0132 2310
   0    0    0    0 
  0  0  0  0 -1  0  0  1  0  0  0  0  0  0  0  0
  0  0  0  0  0  0  0  0  0  0  0  0  0  0  0  0
  0  0  0  0  3  0  0 -3  0  0  0  0  0  1 -1  0
  0  0  0  0  0  0  0  0  0  0  0  0  0  0  0  0
  0.659979516096   0.639006326139

   2    2    9    7 
 1230 2310 0132 0321
   0    0    0    0 
  0  0  0  0  0  0  0  0  0  0  0  0  0  0  0  0
  0  0  0  0  0  0  0  0  0  0  0  0  0  0  0  0
  0  0  0  0  1  0  0 -1  0  0  0  0  0 -1  1  0
  0  0  0  0  0  0  0  0  0  0  0  0  0  0  0  0
  0.371154338953   1.148915330416

   3    4    6    8 
 0213 3012 0213 0132
   0    0    0    0 
  0  0  0  0  0  0  0  0  0  0  0  0  0  0  0  0
  0  0  0  0  0  0  0  0  0  0  0  0  0  0  0  0
  0  0  0  0  0  0  0  0  1  0  0 -1 -1  0  1  0
  0  0  0  0  0  0  0  0  0  0  0  0  0  0  0  0
 -0.222879164102   0.632426983984

