% Triangulation
newlinks/L109007
geometric_solution  8.01486146
oriented_manifold
CS_unknown

1 0
    torus   0.000000000000   0.000000000000

9
   3    7    3    8 
 2031 3012 3012 2031
   0    0    0    0 
  0  0 -1  1  0  0  0  0  1 -1  0  0 -1  1  0  0
  0  0  0  0  0  0  0  0  0  0  0  0  0  0  0  0
  0  0 -9  9  0  0  1 -1  9 -9  0  0 -10  9  1  0
  0  0  0  0  0  0  0  0  0  0  0  0  0  0  0  0
  0.206938565592   0.681444967073

   7    6    2    3 
 1230 1230 0132 1230
   0    0    0    0 
  0  0 -1  1  0  0  0  0 -1  1  0  0  0  0  0  0
  0  0  0  0  0  0  0  0  0  0  0  0  0  0  0  0
  0  0 -10 10  0  0  0  0 -10 10  0  0  0  1 -1  0
  0  0  0  0  0  0  0  0  0  0  0  0  0  0  0  0
  0.779397604849   0.368427899309

   3    4    4    1 
 3120 0132 1302 0132
   0    0    0    0 
  0 -1  0  1  0  0  0  0  0  0  0  0  0  0  0  0
  0  0  0  0  0  0  0  0  0  0  0  0  0  0  0  0
  0 -10  0 10  0  0  0  0 -1  0  0  1 -1  0  1  0
  0  0  0  0  0  0  0  0  0  0  0  0  0  0  0  0
  0.658793391977   0.746814037101

   1    0    0    2 
 3012 1230 1302 3120
   0    0    0    0 
  0  0  0  0 -1  0  1  0  0  0  0  0  0  1 -1  0
  0  0  0  0  0  0  0  0  0  0  0  0  0  0  0  0
  0 -1  0  1 -10  0 10  0  0 -1  0  1  0  9 -9  0
  0  0  0  0  0  0  0  0  0  0  0  0  0  0  0  0
  0.591990705952   1.343567252208

   2    2    5    8 
 2031 0132 1230 3120
   0    0    0    0 
  0  1  0 -1  0  0 -1  1  0  0  0  0  0  0  0  0
  0  0  0  0  0  0  0  0  0  0  0  0  0  0  0  0
  0 10  0 -10  0  0 -9  9 -1  0  0  1  0  0  0  0
  0  0  0  0  0  0  0  0  0  0  0  0  0  0  0  0
  0.335719611710   0.753034144829

   6    7    6    4 
 0213 0321 0132 3012
   0    0    0    0 
  0  0  0  0  0  0  0  0  0 -1  0  1  0  0  0  0
  0  0  0  0  0  0  0  0  0  0  0  0  0  0  0  0
  0  0  0  0  0  0  0  0  0 -9  0  9  0  0  0  0
  0  0  0  0  0  0  0  0  0  0  0  0  0  0  0  0
  0.412492925860   0.668360180404

   5    8    1    5 
 0213 0213 3012 0132
   0    0    0    0 
  0  0  0  0  0  0  0  0  0  0  0  0  0  1 -1  0
  0  0  0  0  0  0  0  0  0  0  0  0  0  0  0  0
  0  1 -1  0  0  0  0  0  0  0  0  0  0 10 -10  0
  0  0  0  0  0  0  0  0  0  0  0  0  0  0  0  0
  0.440759635533   1.665869927879

   0    1    8    5 
 1230 3012 0132 0321
   0    0    0    0 
  0  0  0  0  1  0 -1  0 -1  0  0  1  0  1 -1  0
  0  0  0  0  0  0  0  0  0  0  0  0  0  0  0  0
  0  0  0  0  9  0 -9  0 -9  0  0  9  0 10 -10  0
  0  0  0  0  0  0  0  0  0  0  0  0  0  0  0  0
 -0.622519005690   0.692680040090

   4    0    6    7 
 3120 1302 0213 0132
   0    0    0    0 
  0  0  0  0 -1  0  0  1  0 -1  0  1  1  0 -1  0
  0  0  0  0  0  0  0  0  0  0  0  0  0  0  0  0
  0  1 -1  0 -9  0  0  9 -1 -9  0 10 10  0 -10  0
  0  0  0  0  0  0  0  0  0  0  0  0  0  0  0  0
  0.185266077104   1.654995236588

