% Triangulation
newlinks/L109009
geometric_solution  8.01681557
oriented_manifold
CS_unknown

1 0
    torus   0.000000000000   0.000000000000

9
   6    6    2    4 
 2103 1023 1302 0321
   0    0    0    0 
  0  0 -1  1  0  0  0  0  0  0  0  0  0  0  0  0
  0  0  0  0  0  0  0  0  0  0  0  0  0  0  0  0
  0  0 -15 15  0  0  0  0  0  0  0  0  0 -1  1  0
  0  0  0  0  0  0  0  0  0  0  0  0  0  0  0  0
  0.638439834696   0.598403843638

   3    4    2    7 
 0321 0321 0132 1302
   0    0    0    0 
  0 -1  1  0 -1  0  1  0  0  0  0  0  0  0  0  0
  0  0  0  0  0  0  0  0  0  0  0  0  0  0  0  0
  0 -15 16 -1 -16  0 15  1  0  0  0  0  0  0  0  0
  0  0  0  0  0  0  0  0  0  0  0  0  0  0  0  0
  0.824307966114   0.719614363803

   0    3    3    1 
 2031 0213 2310 0132
   0    0    0    0 
  0  1  0 -1  1  0  0 -1  0  0  0  0  0  1 -1  0
  0  0  0  0  0  0  0  0  0  0  0  0  0  0  0  0
  0 16  0 -16 15  0  0 -15 -1  1  0  0  0 16 -16  0
  0  0  0  0  0  0  0  0  0  0  0  0  0  0  0  0
  1.442267762303   0.503767942490

   1    2    2    4 
 0321 3201 0213 0132
   0    0    0    0 
  0  1 -1  0  0  0  0  0  0  0  0  0  1  0 -1  0
  0  0  0  0  0  0  0  0  0  0  0  0  0  0  0  0
  0 16 -16  0  0  0 -1  1  0  0  0  0 16  0 -16  0
  0  0  0  0  0  0  0  0  0  0  0  0  0  0  0  0
  0.480938173211   0.741317596198

   5    0    3    1 
 3012 0321 0132 0321
   0    0    0    0 
  0 -1  0  1  0  0  0  0  0  0  0  0  0  0  0  0
  0  0  0  0  0  0  0  0  0  0  0  0  0  0  0  0
  0 -15  0 15  1  0 -1  0  0  0  0  0  0  0  0  0
  0  0  0  0  0  0  0  0  0  0  0  0  0  0  0  0
 -0.366573793537   1.058966173887

   6    7    8    4 
 3012 2310 0132 1230
   0    0    0    0 
  0  0  0  0  0  0  0  0  0  0  0  0  0  0  0  0
  0  0  0  0  0  0  0  0  0  0  0  0  0  0  0  0
  0  1  0 -1 -1  0  1  0  0  0  0  0  0  0  0  0
  0  0  0  0  0  0  0  0  0  0  0  0  0  0  0  0
  0.350647425935   0.436095117684

   0    8    0    5 
 1023 2103 2103 1230
   0    0    0    0 
  0  0  0  0  0  0  0  0  0  0  0  0  0  0  0  0
  0  0  0  0  0  0  0  0  0  0  0  0  0  0  0  0
  0 -1  0  1  0  0  0  0  0  0  0  0  1 -1  0  0
  0  0  0  0  0  0  0  0  0  0  0  0  0  0  0  0
  0.166193000693   0.781519708080

   8    8    1    5 
 2103 1023 2031 3201
   0    0    0    0 
  0  0  0  0  0  0  0  0  0  0  0  0  0  0  0  0
  0  0  0  0  0  0  0  0  0  0  0  0  0  0  0  0
  0  0  0  0 -1  0  1  0  0  1  0 -1  0  1 -1  0
  0  0  0  0  0  0  0  0  0  0  0  0  0  0  0  0
  0.251065848240   1.090151117506

   7    6    7    5 
 1023 2103 2103 0132
   0    0    0    0 
  0  0  0  0  0  0  0  0  0  0  0  0  0  0  0  0
  0  0  0  0  0  0  0  0  0  0  0  0  0  0  0  0
  0  0  0  0  0  0  1 -1 -1  1  0  0 -1  1  0  0
  0  0  0  0  0  0  0  0  0  0  0  0  0  0  0  0
  0.799382207793   0.871100995613

