% Triangulation
newlinks/L110039
geometric_solution  11.58951873
oriented_manifold
CS_unknown

1 0
    torus   0.000000000000   0.000000000000

13
   3    3   12    4 
 3120 1230 2310 0132
   0    0    0    0 
  0  0  0  0  0  0  0  0 -1  0  0  1  0  0  0  0
  0  0  0  0  0  0  0  0  0  0  0  0  0  0  0  0
  0  0  1 -1  0  0  0  0 -12  1  0 11  0  1 -1  0
  0  0  0  0  0  0  0  0  0  0  0  0  0  0  0  0
  0.153946284956   0.672013500214

   5    4   11    2 
 0132 2031 3012 0132
   0    0    0    0 
  0  0  0  0  0  0  0  0  1 -1  0  0 -1  0  1  0
  0  0  0  0  0  0  0  0  0  0  0  0  0  0  0  0
  0  0  1 -1  0  0  0  0 11 -11  0  0 -12  0 12  0
  0  0  0  0  0  0  0  0  0  0  0  0  0  0  0  0
  0.813369615836   0.760771099288

  12    3    1    4 
 0321 3012 0132 2103
   0    0    0    0 
  0  0  0  0  0  0  0  0  0  0  0  0 -1  1  0  0
  0  0  0  0  0  0  0  0  0  0  0  0  0  0  0  0
  0 -1  1  0  0  0  0  0  0  0  0  0 -12 12  0  0
  0  0  0  0  0  0  0  0  0  0  0  0  0  0  0  0
  0.482245400127   0.579495312019

   2    4    0    0 
 1230 0132 3012 3120
   0    0    0    0 
  0  0  0  0  0  0  0  0 -1  0  0  1  0  0  0  0
  0  0  0  0  0  0  0  0  0  0  0  0  0  0  0  0
  0  1 -1  0  0  0  0  0 -12  0  0 12  1  0 -1  0
  0  0  0  0  0  0  0  0  0  0  0  0  0  0  0  0
  0.153946284956   0.672013500214

   1    3    0    2 
 1302 0132 0132 2103
   0    0    0    0 
  0  0  0  0  0  0  0  0  0  0  0  0  1  0 -1  0
  0  0  0  0  0  0  0  0  0  0  0  0  0  0  0  0
  0 -1  1  0  0  0  0  0  0  0  0  0 11  0 -11  0
  0  0  0  0  0  0  0  0  0  0  0  0  0  0  0  0
 -0.634461276184   0.901401698302

   1   12    7    6 
 0132 0321 1302 1023
   0    0    0    0 
  0  0  0  0  0  0  1 -1  1  0  0 -1 -1  0  1  0
  0  0  0  0  0  0  0  0  0  0  0  0  0  0  0  0
  0  0  0  0  0  0 11 -11 12 -1  0 -11 -11  0 11  0
  0  0  0  0  0  0  0  0  0  0  0  0  0  0  0  0
  0.332732174972   0.741454818576

  12    7   10    5 
 2031 0132 3201 1023
   0    0    0    0 
  0 -1  0  1  0  0  0  0  0 -1  0  1  1  0 -1  0
  0  0  0  0  0  0  0  0  0  0  0  0  0  0  0  0
  0 -11  0 11  1  0 -1  0  0 -11  0 11 12  0 -12  0
  0  0  0  0  0  0  0  0  0  0  0  0  0  0  0  0
 -0.324161593570   1.595865470336

   5    6   10    9 
 2031 0132 0213 1230
   0    0    0    0 
  0  1  0 -1  0  0  0  0 -1  0  0  1 -1  1  0  0
  0  0  0  0  0  0  0  0  0  0  0  0  0  0  0  0
  0 11  0 -11  0  0  0  0 -11  0  0 11 -11 11  0  0
  0  0  0  0  0  0  0  0  0  0  0  0  0  0  0  0
  0.727412433341   0.629846273998

   9   11   11    9 
 3012 0213 2103 0132
   0    0    0    0 
  0  0 -1  1 -1  0  1  0  1  0  0 -1  0  0  0  0
  0  0  0  0  0  0  0  0  0  0  0  0  0  0  0  0
  0  0 -12 12 -12  0 12  0 11  0  0 -11  1  0 -1  0
  0  0  0  0  0  0  0  0  0  0  0  0  0  0  0  0
  0.832556317345   0.785768804474

   7   10    8    8 
 3012 0321 0132 1230
   0    0    0    0 
  0  0 -1  1  1  0  0 -1  0  0  0  0 -1  0  1  0
  0  0  0  0  0  0  0  0  0  0  0  0  0  0  0  0
  0  0 -12 12 11  0  0 -11  0  1  0 -1 -11  0 11  0
  0  0  0  0  0  0  0  0  0  0  0  0  0  0  0  0
  0.364743363213   0.599556855942

   6    7   11    9 
 2310 0213 0132 0321
   0    0    0    0 
  0  0  0  0  1  0 -1  0  0  0  0  0  0  0  0  0
  0  0  0  0  0  0  0  0  0  0  0  0  0  0  0  0
  0  0  0  0 12  0 -12  0  1  0  0 -1  0  0  0  0
  0  0  0  0  0  0  0  0  0  0  0  0  0  0  0  0
 -0.305460888773   0.419066575149

   8    1    8   10 
 2103 1230 0213 0132
   0    0    0    0 
  0  0  0  0 -1  0  0  1  1 -1  0  0  0  0  0  0
  0  0  0  0  0  0  0  0  0  0  0  0  0  0  0  0
  0  0  0  0 -12  0  0 12 12 -12  0  0  1 -1  0  0
  0  0  0  0  0  0  0  0  0  0  0  0  0  0  0  0
  0.259413578338   1.217359138803

   2    0    6    5 
 0321 3201 1302 0321
   0    0    0    0 
  0  0  0  0  1  0 -1  0  0  0  0  0  0  0  0  0
  0  0  0  0  0  0  0  0  0  0  0  0  0  0  0  0
  0  1 -1  0 12  0 -12  0  0 -1  0  1  0  0  0  0
  0  0  0  0  0  0  0  0  0  0  0  0  0  0  0  0
  0.304154660377   1.239841392202

