% Triangulation
newlinks/L110144
geometric_solution  10.79659498
oriented_manifold
CS_unknown

1 0
    torus   0.000000000000   0.000000000000

12
   5   11    2    4 
 2310 3120 0132 0213
   0    0    0    0 
  0  0  0  0  0  0  0  0  0  0  0  0  0  0  0  0
  0  0  0  0  0  0  0  0  0  0  0  0  0  0  0  0
  0  0  0  0  0  0  0  0  0 -1  0  1  0 -1  1  0
  0  0  0  0  0  0  0  0  0  0  0  0  0  0  0  0
  0.364912229303   0.915708901654

   9    2    8   10 
 0321 2103 1302 1230
   0    0    0    0 
  0  0  0  0  1  0  0 -1  0  0  0  0  0  0  0  0
  0  0  0  0  0  0  0  0  0  0  0  0  0  0  0  0
  0 -1  1  0  4  0  1 -5  0  0  0  0  0  0  0  0
  0  0  0  0  0  0  0  0  0  0  0  0  0  0  0  0
  0.404160199260   0.565213394965

   3    1    7    0 
 0132 2103 0213 0132
   0    0    0    0 
  0  0  0  0  0  0  0  0  0  0  0  0  0  0  0  0
  0  0  0  0  0  0  0  0  0  0  0  0  0  0  0  0
  0  0  0  0  0  0  0  0  0  1  0 -1  0  0  0  0
  0  0  0  0  0  0  0  0  0  0  0  0  0  0  0  0
  0.137471549241   0.413391489696

   2    7    6    5 
 0132 2031 2310 3120
   0    0    0    0 
  0  0  0  0  0  0  0  0  0  0  0  0  0  0  0  0
  0  0  0  0  0  0  0  0  0  0  0  0  0  0  0  0
  0  0  1 -1  0  0  0  0  0 -1  0  1  0  0  0  0
  0  0  0  0  0  0  0  0  0  0  0  0  0  0  0  0
  0.616179139805   1.399538957471

   6   10    5    0 
 0321 0132 0132 0213
   0    0    0    0 
  0  0  0  0  0  0  0  0  0  0  0  0  0  1 -1  0
  0  0  0  0  0  0  0  0  0  0  0  0  0  0  0  0
  0  0  0  0  1  0  0 -1  0  0  0  0  0  5 -5  0
  0  0  0  0  0  0  0  0  0  0  0  0  0  0  0  0
  0.810269023775   0.518037634795

   3    6    0    4 
 3120 0213 3201 0132
   0    0    0    0 
  0  0  0  0  0  0  0  0  0 -1  0  1  0  0  0  0
  0  0  0  0  0  0  0  0  0  0  0  0  0  0  0  0
  0  0  0  0  0  0  0  0 -1 -4  0  5  1 -1  0  0
  0  0  0  0  0  0  0  0  0  0  0  0  0  0  0  0
  1.074897008261   0.475838112160

   4    3    5    9 
 0321 3201 0213 0321
   0    0    0    0 
  0  0  0  0  0  0  1 -1  0  0  0  0  0  0  0  0
  0  0  0  0  0  0  0  0  0  0  0  0  0  0  0  0
  0  0  0  0  0  0  4 -4  0 -1  0  1 -1  0  1  0
  0  0  0  0  0  0  0  0  0  0  0  0  0  0  0  0
  0.236788241396   0.424104168367

   3    2    8   10 
 1302 0213 0132 0132
   0    0    0    0 
  0  0  0  0  0  0  0  0  0  0  0  0  0  0  0  0
  0  0  0  0  0  0  0  0  0  0  0  0  0  0  0  0
  0  0  0  0  0  0  0  0  0  0  0  0  1  0 -1  0
  0  0  0  0  0  0  0  0  0  0  0  0  0  0  0  0
  1.110029533362   0.952418956240

   1   11   11    7 
 2031 3012 0132 0132
   0    0    0    0 
  0  0  0  0  0  0  0  0  0  0  0  0  0  0  0  0
  0  0  0  0  0  0  0  0  0  0  0  0  0  0  0  0
  0 -1  1  0 -1  0  1  0  0 -1  0  1 -1  1  0  0
  0  0  0  0  0  0  0  0  0  0  0  0  0  0  0  0
  0.162902965360   1.170670584907

   1    6   10   11 
 0321 0321 0132 0132
   0    0    0    0 
  0  0  0  0  0  0  0  0  0  0  0  0 -1  1  0  0
  0  0  0  0  0  0  0  0  0  0  0  0  0  0  0  0
  0  0  0  0  0  0  0  0  0 -1  0  1 -4  4  0  0
  0  0  0  0  0  0  0  0  0  0  0  0  0  0  0  0
  0.083602175980   0.496134819349

   1    4    7    9 
 3012 0132 0132 0132
   0    0    0    0 
  0  0  0  0  0  0  0  0  1 -1  0  0  0  0  0  0
  0  0  0  0  0  0  0  0  0  0  0  0  0  0  0  0
  0  0  0  0  0  0  0  0  5 -5  0  0  0  0  0  0
  0  0  0  0  0  0  0  0  0  0  0  0  0  0  0  0
  0.255382134946   0.938600238523

   8    0    9    8 
 1230 3120 0132 0132
   0    0    0    0 
  0  0  0  0  0  0  0  0  0  0  0  0  0  0  0  0
  0  0  0  0  0  0  0  0  0  0  0  0  0  0  0  0
  0  1  0 -1  1  0  0 -1 -1  1  0  0  1  0 -1  0
  0  0  0  0  0  0  0  0  0  0  0  0  0  0  0  0
  0.162902965360   1.170670584907

