% Triangulation
newlinks/L110139
geometric_solution  4.85117076
oriented_manifold
CS_unknown

1 0
    torus   0.000000000000  -0.000000000000

5
   3    4    1    2 
 0213 0321 0132 2031
   0    0    0    0 
  0  1 -1  0  0  0  0  0  0  0  0  0  0  0  0  0
  0  0  0  0  0  0  0  0  0  0  0  0  0  0  0  0
  0 -14 13  1  0  0  0  0 -1  1  0  0  0  0  0  0
  0  0  0  0  0  0  0  0  0  0  0  0  0  0  0  0
  0.523635531792   0.460076735444

   2    2    4    0 
 0321 0213 3201 0132
   0    0    0    0 
  0  0 -1  1  0  0  0  0  0  0  0  0  0  0  0  0
  0  0  0  0  0  0  0  0  0  0  0  0  0  0  0  0
  0  0 13 -13  0  0  0  0 -1  1  0  0  0  0  0  0
  0  0  0  0  0  0  0  0  0  0  0  0  0  0  0  0
  0.660442992104   0.716885059001

   1    0    1    3 
 0321 1302 0213 0132
   0    0    0    0 
  0  0  0  0  0  0  0  0  0  0  0  0  0  0  0  0
  0  0  0  0  0  0  0  0  0  0  0  0  0  0  0  0
  0  0  0  0  0  0 -1  1  1 -1  0  0  0  0  0  0
  0  0  0  0  0  0  0  0  0  0  0  0  0  0  0  0
  0.304876704453   0.754529173144

   0    4    2    4 
 0213 3120 0132 0132
   0    0    0    0 
  0  1  0 -1  0  0  0  0  0  0  0  0  0  0  0  0
  0  0  0  0  0  0  0  0  0  0  0  0  0  0  0  0
  0 -14  0 14  1  0 -1  0  0 -1  0  1  0  0  0  0
  0  0  0  0  0  0  0  0  0  0  0  0  0  0  0  0
  0.304876704453   0.754529173144

   1    3    3    0 
 2310 3120 0132 0321
   0    0    0    0 
  0  0  1 -1  0  0  0  0  0  0  0  0  1 -1  0  0
  0  0  0  0  0  0  0  0  0  0  0  0  0  0  0  0
  0  0 -14 14  0  0  0  0  0  1  0 -1 -13 14 -1  0
  0  0  0  0  0  0  0  0  0  0  0  0  0  0  0  0
  0.539644811548   1.139317680302

