% Triangulation
newlinks/L110079
geometric_solution  12.54029522
oriented_manifold
CS_unknown

1 0
    torus   0.000000000000   0.000000000000

14
   8    8    1   11 
 1302 3012 0213 1230
   0    0    0    0 
  0  0  0  0  0  0  0  0  0  0  0  0  0  0  0  0
  0  0  0  0  0  0  0  0  0  0  0  0  0  0  0  0
  0  0  0  0  0  0  0  0  0  0  0  0  0  1 -1  0
  0  0  0  0  0  0  0  0  0  0  0  0  0  0  0  0
  0.570642836741   0.821198363902

  13    0   13   10 
 2103 0213 0213 1230
   0    0    0    0 
  0  0  0  0  0  0  0  0  0  0  0  0  0  0  0  0
  0  0  0  0  0  0  0  0  0  0  0  0  0  0  0  0
  0  0  0  0 -1  0  1  0  0  0  0  0 -1  1  0  0
  0  0  0  0  0  0  0  0  0  0  0  0  0  0  0  0
  0.506194338135   0.739581334282

  13    4    7    3 
 3012 0213 2103 0132
   0    0    0    0 
  0  0  0  0  0  0  0  0  0  0  0  0  0  0  0  0
  0  0  0  0  0  0  0  0  0  0  0  0  0  0  0  0
  0  0 -1  1  0  0  0  0  0  0  0  0 -1  1  0  0
  0  0  0  0  0  0  0  0  0  0  0  0  0  0  0  0
  1.260791081447   0.850183858673

  12    5    2    9 
 0132 0321 0132 3120
   0    0    0    0 
  0  1  0 -1  0  0  0  0  0  0  0  0  0  0  0  0
  0  0  0  0  0  0  0  0  0  0  0  0  0  0  0  0
  0  3 -1 -2  1  0  0 -1  1  0  0 -1  0  0  0  0
  0  0  0  0  0  0  0  0  0  0  0  0  0  0  0  0
  0.985821745926   0.385724230964

   6    9    2    5 
 3012 3201 0213 0132
   0    0    0    0 
  0  0  0  0  0  0  0  0  0 -1  0  1  0  0  0  0
  0  0  0  0  0  0  0  0  0  0  0  0  0  0  0  0
  0  0  0  0  0  0  0  0  0 -2  0  2  0  1 -1  0
  0  0  0  0  0  0  0  0  0  0  0  0  0  0  0  0
 -0.179528901608   1.480876836866

  11    8    4    3 
 1023 1230 0132 0321
   0    0    0    0 
  0  1  0 -1  0  0  0  0  0  0  0  0  1  0 -1  0
  0  0  0  0  0  0  0  0  0  0  0  0  0  0  0  0
  0  3  0 -3  0  0  0  0  0  0  0  0  2  0 -2  0
  0  0  0  0  0  0  0  0  0  0  0  0  0  0  0  0
  0.134014770043   1.629482313309

   7    7    8    4 
 3012 0132 0132 1230
   0    0    0    0 
  0  0  0  0  1  0 -1  0  0  0  0  0  0  0  0  0
  0  0  0  0  0  0  0  0  0  0  0  0  0  0  0  0
  0  0  0  0  3  0 -3  0  0  0  0  0  0  1 -1  0
  0  0  0  0  0  0  0  0  0  0  0  0  0  0  0  0
  0.493805661865   0.739581334282

   2    6   10    6 
 2103 0132 0132 1230
   0    0    0    0 
  0  0  1 -1  0  0  0  0  0  0  0  0  0  0  0  0
  0  0  0  0  0  0  0  0  0  0  0  0  0  0  0  0
  0  0  3 -3  0  0  0  0  1 -1  0  0  0  0  0  0
  0  0  0  0  0  0  0  0  0  0  0  0  0  0  0  0
  0.375581294150   0.935202763530

   0    0    5    6 
 1230 2031 3012 0132
   0    0    0    0 
  0  0  0  0  0  0 -1  1  0  0  0  0  0  0  0  0
  0  0  0  0  0  0  0  0  0  0  0  0  0  0  0  0
  0  0  0  0  0  0 -3  3 -1  0  0  1  0  0  0  0
  0  0  0  0  0  0  0  0  0  0  0  0  0  0  0  0
  0.570642836741   0.821198363902

   3   11    4   10 
 3120 0213 2310 0132
   0    0    0    0 
  0 -1  1  0  0  0  0  0  0  0  0  0  1 -1  0  0
  0  0  0  0  0  0  0  0  0  0  0  0  0  0  0  0
  0 -2  2  0  1  0 -1  0  1 -1  0  0  2 -2  0  0
  0  0  0  0  0  0  0  0  0  0  0  0  0  0  0  0
  0.298726096539   0.967312705114

   1   12    9    7 
 3012 0321 0132 0132
   0    0    0    0 
  0  1  0 -1  0  0  0  0  0  0  0  0  0  0  0  0
  0  0  0  0  0  0  0  0  0  0  0  0  0  0  0  0
  0  3  0 -3  0  0  0  0  0  0  0  0  0  0  0  0
  0  0  0  0  0  0  0  0  0  0  0  0  0  0  0  0
  0.383109074283   0.527510418458

   0    5    9   12 
 3012 1023 0213 0132
   0    0    0    0 
  0  0  1 -1  0  0  0  0  0  0  0  0  0 -1  1  0
  0  0  0  0  0  0  0  0  0  0  0  0  0  0  0  0
  0  0  2 -2  0  0  1 -1  0  0  0  0  0 -2  2  0
  0  0  0  0  0  0  0  0  0  0  0  0  0  0  0  0
 -0.616252653557   0.357134701098

   3   13   11   10 
 0132 1023 0132 0321
   0    0    0    0 
  0  0  1 -1  0  0  0  0  0  0  0  0  0  0  0  0
  0  0  0  0  0  0  0  0  0  0  0  0  0  0  0  0
  0  1  2 -3 -1  0  1  0  0  0  0  0 -1  1  0  0
  0  0  0  0  0  0  0  0  0  0  0  0  0  0  0  0
  0.447995454096   1.270681408839

  12    1    1    2 
 1023 0213 2103 1230
   0    0    0    0 
  0  0  0  0  0  0  0  0  0  0  0  0  0  0  0  0
  0  0  0  0  0  0  0  0  0  0  0  0  0  0  0  0
  0  0  0  0 -1  0  1  0  0 -1  0  1 -1  0  1  0
  0  0  0  0  0  0  0  0  0  0  0  0  0  0  0  0
  0.369788368025   0.920778295099

