% Triangulation
newlinks/L110143
geometric_solution  9.07089927
oriented_manifold
CS_unknown

1 0
    torus   0.000000000000   0.000000000000

10
   4    8    6    8 
 2310 2103 3120 1302
   0    0    0    0 
  0 -1  0  1  0  0  1 -1  0  0  0  0  0  0  0  0
  0  0  0  0  0  0  0  0  0  0  0  0  0  0  0  0
  0 -5  0  5  0  0  6 -6 -1  1  0  0 -1  1  0  0
  0  0  0  0  0  0  0  0  0  0  0  0  0  0  0  0
  0.514297918908   0.493607026742

   3    5    9    2 
 0213 0213 0213 0132
   0    0    0    0 
  0  0  0  0  0  0  1 -1  0  0  0  0  0 -1  1  0
  0  0  0  0  0  0  0  0  0  0  0  0  0  0  0  0
  0  0  0  0  0  0  5 -5  0  0  0  0  1 -6  5  0
  0  0  0  0  0  0  0  0  0  0  0  0  0  0  0  0
  1.091797140445   1.633909249958

   8    4    1    7 
 0132 0132 0132 0213
   0    0    0    0 
  0  0  0  0 -1  0  1  0  1  0  0 -1  0  0  0  0
  0  0  0  0  0  0  0  0  0  0  0  0  0  0  0  0
  0  0  0  0 -5  0  5  0  5  0  0 -5  0  0  0  0
  0  0  0  0  0  0  0  0  0  0  0  0  0  0  0  0
  0.444511827890   0.708256277740

   1    5    4    7 
 0213 0321 0132 0321
   0    0    0    0 
  0  0  0  0  0  0  0  0  0 -1  0  1  0  0  0  0
  0  0  0  0  0  0  0  0  0  0  0  0  0  0  0  0
  0 -1  1  0  0  0  0  0  0 -6  0  6 -1  1  0  0
  0  0  0  0  0  0  0  0  0  0  0  0  0  0  0  0
  0.720671392954   0.534199435014

   6    2    0    3 
 1230 0132 3201 0132
   0    0    0    0 
  0  0  0  0  0  0  0  0  0  0  0  0  0  0  0  0
  0  0  0  0  0  0  0  0  0  0  0  0  0  0  0  0
  0  0  1 -1 -1  0  1  0  0  0  0  0  0  0  0  0
  0  0  0  0  0  0  0  0  0  0  0  0  0  0  0  0
  0.448162043469   0.382609491740

   6    9    1    3 
 0213 0321 0213 0321
   0    0    0    0 
  0  0  0  0  0  0  0  0 -1  0  0  1  0 -1  1  0
  0  0  0  0  0  0  0  0  0  0  0  0  0  0  0  0
  0 -1  0  1  1  0  0 -1 -6  0  0  6  0 -6  6  0
  0  0  0  0  0  0  0  0  0  0  0  0  0  0  0  0
  0.243614978991   1.499521033900

   5    4    0    7 
 0213 3012 3120 0132
   0    0    0    0 
  0  0  0  0  1  0 -1  0  0  0  0  0  0  0  0  0
  0  0  0  0  0  0  0  0  0  0  0  0  0  0  0  0
  0  0  0  0  6  0 -6  0 -1  1  0  0  0  0  0  0
  0  0  0  0  0  0  0  0  0  0  0  0  0  0  0  0
  0.129566576968   0.433146922900

   9    3    6    2 
 0213 0321 0132 0213
   0    0    0    0 
  0  0  0  0 -1  0  0  1  1 -1  0  0  0  0  0  0
  0  0  0  0  0  0  0  0  0  0  0  0  0  0  0  0
  0  0  0  0 -5  0  0  5  6 -6  0  0  0  0  0  0
  0  0  0  0  0  0  0  0  0  0  0  0  0  0  0  0
  0.115507263660   1.204336073614

   2    0    0    9 
 0132 2103 2031 0132
   0    0    0    0 
  0  0  0  0  1  0 -1  0  0  1  0 -1 -1  0  1  0
  0  0  0  0  0  0  0  0  0  0  0  0  0  0  0  0
  0 -1  0  1  5  0 -5  0  0  5  0 -5 -5 -1  6  0
  0  0  0  0  0  0  0  0  0  0  0  0  0  0  0  0
 -0.012098139697   0.971380079795

   7    1    8    5 
 0213 0213 0132 0321
   0    0    0    0 
  0  0  0  0 -1  0  0  1  1 -1  0  0  0 -1  1  0
  0  0  0  0  0  0  0  0  0  0  0  0  0  0  0  0
  0  0 -1  1 -6  0  0  6  5 -5  0  0  0 -5  5  0
  0  0  0  0  0  0  0  0  0  0  0  0  0  0  0  0
  0.567412349606   0.996338797035

