% Triangulation
newlinks/L110124
flat_solution  0.00000000
oriented_manifold
CS_unknown

1 0
    torus   0.000000000000  -0.000000000000

3
   2    2    1    2 
 2031 2031 0132 3201
   0    0    0    0 
  0  0  0  0  1  0  0 -1  0  0  0  0  0  0  0  0
  0  0  0  0  0  0  0  0  0  0  0  0  0  0  0  0
  0  0  0  0 -16  0  1 15  0  0  0  0  0  0  0  0
  0  0  0  0  0  0  0  0  0  0  0  0  0  0  0  0
 -1.000000000000   0.000000000000

   2    1    1    0 
 3120 1230 3012 0132
   0    0    0    0 
  0  0  0  0  0  0  0  0  1 -1  0  0 -1  0  1  0
  0  0  0  0  0  0  0  0  0  0  0  0  0  0  0  0
  0 -1  1  0  0  0  1 -1 -15 15  0  0 16 -1 -15  0
  0  0  0  0  0  0  0  0  0  0  0  0  0  0  0  0
  1.618033988750   0.000000000000

   0    0    0    1 
 1302 2310 1302 3120
   0    0    0    0 
  0  0 -1  1  0  0  0  0  0  1  0 -1  0  0  0  0
  0  0  0  0  0  0  0  0  0  0  0  0  0  0  0  0
  0  0 16 -16  0  0  0  0  0 -15  0 15  0  0  0  0
  0  0  0  0  0  0  0  0  0  0  0  0  0  0  0  0
  2.000000000000   0.000000000000

