% Triangulation
newlinks/L110162
geometric_solution  5.63877295
oriented_manifold
CS_unknown

1 0
    torus   0.000000000000  -0.000000000000

7
   1    5    1    4 
 0213 0132 0132 1230
   0    0    0    0 
  0 -1  1  0  0  0  0  0  0  0  0  0  0  0  0  0
  0  0  0  0  0  0  0  0  0  0  0  0  0  0  0  0
  0 10 -10  0 -1  0  1  0 -1  1  0  0 -1  0  1  0
  0  0  0  0  0  0  0  0  0  0  0  0  0  0  0  0
  0.234106942067   0.606474401003

   0    2    6    0 
 0213 2103 2310 0132
   0    0    0    0 
  0  1  0 -1  0  0  0  0  0  0  0  0  0 -1  1  0
  0  0  0  0  0  0  0  0  0  0  0  0  0  0  0  0
  0 -9 -1 10  1  0  0 -1  1  0  0 -1  1  9 -10  0
  0  0  0  0  0  0  0  0  0  0  0  0  0  0  0  0
  0.446054469234   1.435044091361

   4    1    5    3 
 2310 2103 1302 2103
   0    0    0    0 
  0  0  0  0  0  0  0  0  0 -1  0  1 -1  1  0  0
  0  0  0  0  0  0  0  0  0  0  0  0  0  0  0  0
  0  0  0  0  0  0  0  0  0  9  0 -9  9 -9  0  0
  0  0  0  0  0  0  0  0  0  0  0  0  0  0  0  0
  0.446054469234   1.435044091361

   6    5    4    2 
 0213 0321 0132 2103
   0    0    0    0 
  0  0  1 -1  0  0  0  0  0  0  0  0  0  0  0  0
  0  0  0  0  0  0  0  0  0  0  0  0  0  0  0  0
  0  0 -9  9  0  0  0  0  0  0  0  0  0  0  0  0
  0  0  0  0  0  0  0  0  0  0  0  0  0  0  0  0
  0.701204485652   0.202701587071

   0    6    2    3 
 3012 0213 3201 0132
   0    0    0    0 
  0  0  1 -1  0  0  0  0  0  0  0  0  0  0  0  0
  0  0  0  0  0  0  0  0  0  0  0  0  0  0  0  0
  0  0 -9  9  0  0  0  0  0  0  0  0  0  0  0  0
  0  0  0  0  0  0  0  0  0  0  0  0  0  0  0  0
  0.802483601572   0.635448717725

   2    0    6    3 
 2031 0132 0132 0321
   0    0    0    0 
  0  1 -1  0  0  0  0  0  0  0  0  0  0  0  0  0
  0  0  0  0  0  0  0  0  0  0  0  0  0  0  0  0
  0 -10 10  0  0  0  0  0  0  0  0  0  0 -1  1  0
  0  0  0  0  0  0  0  0  0  0  0  0  0  0  0  0
  1.752495893094   1.589872521723

   3    1    4    5 
 0213 3201 0213 0132
   0    0    0    0 
  0 -1  0  1  0  0  0  0  0  0  0  0  0  0  0  0
  0  0  0  0  0  0  0  0  0  0  0  0  0  0  0  0
  0 10  0 -10  0  0  0  0  0  1  0 -1  0  0  0  0
  0  0  0  0  0  0  0  0  0  0  0  0  0  0  0  0
 -0.243215689023   0.513865848809

