% Triangulation
newlinks/L110161
geometric_solution  5.63877295
oriented_manifold
CS_unknown

1 0
    torus   0.000000000000  -0.000000000000

7
   0    5    2    0 
 3012 2031 3012 1230
   0    0    0    0 
  0  0  1 -1  1  0  0 -1  1 -1  0  0  0  0  0  0
  0  0  0  0  0  0  0  0  0  0  0  0  0  0  0  0
  0  0  8 -8  8  0  0 -8  8 -9  0  1 -1  0  1  0
  0  0  0  0  0  0  0  0  0  0  0  0  0  0  0  0
  1.359228803262   0.594338367165

   1    1    2    6 
 1230 3012 3201 3120
   0    0    0    0 
  0  1 -1  0  0  0  0  0  0  0  0  0 -1  0  1  0
  0  0  0  0  0  0  0  0  0  0  0  0  0  0  0  0
  0  8 -8  0  1  0 -1  0  1 -1  0  0 -8 -1  9  0
  0  0  0  0  0  0  0  0  0  0  0  0  0  0  0  0
 -0.065501031842   1.305912786802

   1    0    4    5 
 2310 1230 1230 2031
   0    0    0    0 
  0  0  0  0 -1  0  0  1  0  0  0  0  1 -1  0  0
  0  0  0  0  0  0  0  0  0  0  0  0  0  0  0  0
  0  0  0  0 -9  0  0  9  1 -1  0  0  8 -8  0  0
  0  0  0  0  0  0  0  0  0  0  0  0  0  0  0  0
 -0.559267912549   1.149314566535

   3    5    3    4 
 2031 0213 1302 0132
   0    0    0    0 
  0 -1  1  0 -1  0  1  0  0  0  0  0 -1  1  0  0
  0  0  0  0  0  0  0  0  0  0  0  0  0  0  0  0
  0 -9  9  0 -9  0  9  0  0  0  0  0 -9  9  0  0
  0  0  0  0  0  0  0  0  0  0  0  0  0  0  0  0
  0.759815142066   1.019874351229

   6    6    3    2 
 1302 0321 0132 3012
   0    0    0    0 
  0  0  0  0  0  0  0  0  0  0  0  0  0  0  0  0
  0  0  0  0  0  0  0  0  0  0  0  0  0  0  0  0
  0  0  0  0  0  0  0  0  0  0  0  0  0  0  0  0
  0  0  0  0  0  0  0  0  0  0  0  0  0  0  0  0
  0.493460392091   0.173964841139

   0    2    3    6 
 1302 1302 0213 0132
   0    0    0    0 
  0 -1  1  0  0  0  0  0  0  0  0  0  1  0 -1  0
  0  0  0  0  0  0  0  0  0  0  0  0  0  0  0  0
  0 -9  9  0  0  0  0  0  0  0  0  0  9  0 -9  0
  0  0  0  0  0  0  0  0  0  0  0  0  0  0  0  0
  0.141188694641   0.923486196553

   1    4    5    4 
 3120 2031 0132 0321
   0    0    0    0 
  0  0  0  0  0  0  0  0  0  0  0  0  0  0  0  0
  0  0  0  0  0  0  0  0  0  0  0  0  0  0  0  0
  0  0  0  0  0  0  0  0  0  0  0  0  0  0  0  0
  0  0  0  0  0  0  0  0  0  0  0  0  0  0  0  0
  0.542561486804   0.951922349178

