% Triangulation
newlinks/L110155
geometric_solution  9.25054161
oriented_manifold
CS_unknown

1 0
    torus   0.000000000000  -0.000000000000

10
   7    3    1    9 
 2310 2310 1302 0132
   0    0    0    0 
  0 -1  1  0  0  0  0  0  0  1  0 -1  1 -1  0  0
  0  0  0  0  0  0  0  0  0  0  0  0  0  0  0  0
  0 -2  2  0  0  0  0  0  1  1  0 -2  2 -2  0  0
  0  0  0  0  0  0  0  0  0  0  0  0  0  0  0  0
  0.500000000000   0.866025403784

   0    5    7    2 
 2031 3012 1302 1302
   0    0    0    0 
  0  0  0  0 -1  0  0  1  0 -1  0  1  0  1 -1  0
  0  0  0  0  0  0  0  0  0  0  0  0  0  0  0  0
  0  0  0  0 -2  0  0  2  0 -1  0  1  0  1 -1  0
  0  0  0  0  0  0  0  0  0  0  0  0  0  0  0  0
 -0.121744414125   1.306622402750

   9    5    1    3 
 0321 0132 2031 0132
   0    0    0    0 
  0  1 -1  0  0  0  0  0  1 -1  0  0  1  0 -1  0
  0  0  0  0  0  0  0  0  0  0  0  0  0  0  0  0
  0  1 -1  0  0  0  0  0  2 -2  0  0  2  0 -2  0
  0  0  0  0  0  0  0  0  0  0  0  0  0  0  0  0
  1.070695986873   0.758744956776

   4    6    2    0 
 2310 0321 0132 3201
   0    0    0    0 
  0 -1  0  1  1  0  0 -1 -1  0  0  1  0  0  0  0
  0  0  0  0  0  0  0  0  0  0  0  0  0  0  0  0
  0 -2  0  2  1  0  0 -1 -2  0  0  2  0  0  0  0
  0  0  0  0  0  0  0  0  0  0  0  0  0  0  0  0
  0.500000000000   0.866025403784

   7    6    3    5 
 3012 0213 3201 0132
   0    0    0    0 
  0  0  0  0 -1  0  1  0  0 -1  0  1  1  0 -1  0
  0  0  0  0  0  0  0  0  0  0  0  0  0  0  0  0
  0  0  0  0 -2  0  2  0 -1 -1  0  2  1  0 -1  0
  0  0  0  0  0  0  0  0  0  0  0  0  0  0  0  0
  0.500000000000   0.866025403784

   1    2    4    8 
 1230 0132 0132 2103
   0    0    0    0 
  0 -1  0  1  1  0  0 -1 -1  0  0  1  0  1 -1  0
  0  0  0  0  0  0  0  0  0  0  0  0  0  0  0  0
  0 -1  0  1  1  0  0 -1 -1  0  0  1  0  2 -2  0
  0  0  0  0  0  0  0  0  0  0  0  0  0  0  0  0
  0.378255585875   0.440596998966

   8    9    4    3 
 0213 2103 0213 0321
   0    0    0    0 
  0 -1  0  1 -1  0  1  0  1 -1  0  0 -1  1  0  0
  0  0  0  0  0  0  0  0  0  0  0  0  0  0  0  0
  0 -2  0  2 -1  0  1  0  1 -1  0  0 -2  2  0  0
  0  0  0  0  0  0  0  0  0  0  0  0  0  0  0  0
  0.378255585875   0.440596998966

   1    8    0    4 
 2031 1230 3201 1230
   0    0    0    0 
  0  0 -1  1  0  0  0  0  1  0  0 -1  0  0  0  0
  0  0  0  0  0  0  0  0  0  0  0  0  0  0  0  0
  0  0 -2  2  0  0 -1  1  1  0  0 -1  0  0  0  0
  0  0  0  0  0  0  0  0  0  0  0  0  0  0  0  0
  0.500000000000   0.866025403784

   6    9    7    5 
 0213 0321 3012 2103
   0    0    0    0 
  0  1  0 -1 -1  0  0  1  1  0  0 -1  1 -1  0  0
  0  0  0  0  0  0  0  0  0  0  0  0  0  0  0  0
  0  1  0 -1 -1  0  0  1  1  0  0 -1  2 -2  0  0
  0  0  0  0  0  0  0  0  0  0  0  0  0  0  0  0
  0.378255585875   0.440596998966

   2    6    0    8 
 0321 2103 0132 0321
   0    0    0    0 
  0  1  0 -1 -1  0  0  1 -1  1  0  0  0 -1  1  0
  0  0  0  0  0  0  0  0  0  0  0  0  0  0  0  0
  0  1  0 -1 -2  0  0  2 -2  2  0  0  0 -2  2  0
  0  0  0  0  0  0  0  0  0  0  0  0  0  0  0  0
 -0.121744414125   1.306622402750

