% Triangulation
newlinks/L110044
geometric_solution  12.96899421
oriented_manifold
CS_unknown

1 0
    torus   0.000000000000   0.000000000000

14
   9    9    4    3 
 3201 2031 0132 0132
   0    0    0    0 
  0  0  0  0  0  0  0  0  1 -1  0  0  0  0  0  0
  0  0  0  0  0  0  0  0  0  0  0  0  0  0  0  0
  0  1  0 -1 -1  0  0  1  9 -9  0  0  0  1 -1  0
  0  0  0  0  0  0  0  0  0  0  0  0  0  0  0  0
  0.379058678248   0.730921517615

  13    2    2    4 
 0132 3012 0132 0132
   0    0    0    0 
  0  0 -1  1  0  0  0  0  0  0  0  0  0  0  0  0
  0  0  0  0  0  0  0  0  0  0  0  0  0  0  0  0
  0  0 -10 10  0  0  0  0  0 -1  0  1 -1  0  1  0
  0  0  0  0  0  0  0  0  0  0  0  0  0  0  0  0
  0.259754747470   0.971944948435

   1   11    3    1 
 1230 2031 0132 0132
   0    0    0    0 
  0 -1  0  1  0  0  0  0  0  0  0  0  0  1 -1  0
  0  0  0  0  0  0  0  0  0  0  0  0  0  0  0  0
  0 -10  0 10  1  0 -1  0  0  1  0 -1  0 10 -10  0
  0  0  0  0  0  0  0  0  0  0  0  0  0  0  0  0
  0.259754747470   0.971944948435

   7   10    0    2 
 1302 1023 0132 0132
   0    0    0    0 
  0  0  0  0  0  0  0  0 -1  0  0  1 -1  1  0  0
  0  0  0  0  0  0  0  0  0  0  0  0  0  0  0  0
  0 -1  1  0  0  0 -1  1 -10  0  0 10 -10 10  0  0
  0  0  0  0  0  0  0  0  0  0  0  0  0  0  0  0
 -0.124149262210   1.196082549242

   5    5    1    0 
 1023 0321 0132 0132
   0    0    0    0 
  0  1 -1  0  0  0  0  0  0  0  0  0  0  0  0  0
  0  0  0  0  0  0  0  0  0  0  0  0  0  0  0  0
  0 10 -10  0  0  0  0  0 -1  0  0  1  1  0 -1  0
  0  0  0  0  0  0  0  0  0  0  0  0  0  0  0  0
  0.622400750473   0.779976279165

  13    4   12    4 
 1302 1023 0213 0321
   0    0    0    0 
  0  0  1 -1  0  0  0  0  0  0  0  0  0  0  0  0
  0  0  0  0  0  0  0  0  0  0  0  0  0  0  0  0
  0  0 10 -10  0  0  0  0 -1  1  0  0  1 -1  0  0
  0  0  0  0  0  0  0  0  0  0  0  0  0  0  0  0
  0.374940050891   0.783308717078

  10    8    7    7 
 1230 3201 1302 1023
   0    0    0    0 
  0  0  0  0  0  0 -1  1  0  0  0  0 -1  0  1  0
  0  0  0  0  0  0  0  0  0  0  0  0  0  0  0  0
  0 -1  1  0  0  0 -10 10  0  0  0  0 -9 -1 10  0
  0  0  0  0  0  0  0  0  0  0  0  0  0  0  0  0
  0.722826028826   0.533756464191

   6    3   12    6 
 2031 2031 0132 1023
   0    0    0    0 
  0  1  0 -1  0  0  0  0 -1  1  0  0  1  0 -1  0
  0  0  0  0  0  0  0  0  0  0  0  0  0  0  0  0
  0 10  0 -10 -1  0  1  0 -10 10  0  0 10  0 -10  0
  0  0  0  0  0  0  0  0  0  0  0  0  0  0  0  0
  0.766263736639   1.475601121466

  11   11    6    9 
 1023 0213 2310 0132
   0    0    0    0 
  0  0  0  0  0  0  0  0  0 -1  0  1  0  0  0  0
  0  0  0  0  0  0  0  0  0  0  0  0  0  0  0  0
  0  0  0  0  0  0  1 -1  0 -10  0 10  0 -1  1  0
  0  0  0  0  0  0  0  0  0  0  0  0  0  0  0  0
  1.164949324503   1.225185498075

   0   10    8    0 
 1302 0321 0132 2310
   0    0    0    0 
  0  1  0 -1  0  0  0  0  0  0  0  0  1  0 -1  0
  0  0  0  0  0  0  0  0  0  0  0  0  0  0  0  0
  0  9  0 -9 -1  0  1  0 -1  0  0  1  9  1 -10  0
  0  0  0  0  0  0  0  0  0  0  0  0  0  0  0  0
  0.675072415176   0.794640229142

   3    6   11    9 
 1023 3012 0132 0321
   0    0    0    0 
  0  1  0 -1  0  0  0  0  0  0  0  0 -1  0  1  0
  0  0  0  0  0  0  0  0  0  0  0  0  0  0  0  0
  0  9  0 -9  1  0  0 -1  0  0  0  0 -10  0 10  0
  0  0  0  0  0  0  0  0  0  0  0  0  0  0  0  0
 -0.388320320930   1.815071803850

   2    8    8   10 
 1302 1023 0213 0132
   0    0    0    0 
  0  0  0  0 -1  0  1  0  1  0  0 -1  0  0  0  0
  0  0  0  0  0  0  0  0  0  0  0  0  0  0  0  0
  0  0  0  0 -10  0 10  0 10  0  0 -10 -1  0  1  0
  0  0  0  0  0  0  0  0  0  0  0  0  0  0  0  0
 -0.107930800856   0.801671982609

  13    5   13    7 
 3012 0213 1023 0132
   0    0    0    0 
  0 -1  1  0  0  0  0  0 -1  0  0  1  0  0  0  0
  0  0  0  0  0  0  0  0  0  0  0  0  0  0  0  0
  0 -10 10  0  0  0  1 -1 -10  0  0 10  0  0  0  0
  0  0  0  0  0  0  0  0  0  0  0  0  0  0  0  0
  0.618497715937   0.488342436593

   1    5   12   12 
 0132 2031 1023 1230
   0    0    0    0 
  0  0  0  0  0  0 -1  1  0  0  0  0  0  0  0  0
  0  0  0  0  0  0  0  0  0  0  0  0  0  0  0  0
  0  1 -1  0  0  0 -10 10  1 -1  0  0  0  0  0  0
  0  0  0  0  0  0  0  0  0  0  0  0  0  0  0  0
  0.993437766828   1.271651153671

