% Triangulation
newlinks/L110133
geometric_solution  7.79830023
oriented_manifold
CS_unknown

1 0
    torus   0.000000000000  -0.000000000000

9
   2    8    1    2 
 3120 0132 0132 0321
   0    0    0    0 
  0  0  1 -1  0  0  0  0  0  0  0  0  0  0  0  0
  0  0  0  0  0  0  0  0  0  0  0  0  0  0  0  0
  0  0  4 -4  0  0  0  0  0 -1  0  1  0  0  0  0
  0  0  0  0  0  0  0  0  0  0  0  0  0  0  0  0
  0.516805369480   0.955857858617

   7    6    3    0 
 1230 2031 0132 0132
   0    0    0    0 
  0  1  0 -1  0  0  0  0  0  0  0  0  0  0  0  0
  0  0  0  0  0  0  0  0  0  0  0  0  0  0  0  0
  0  4  0 -4  0  0  0  0 -1  1  0  0  0  0  0  0
  0  0  0  0  0  0  0  0  0  0  0  0  0  0  0  0
  0.543979290435   0.263785443514

   4    0    7    0 
 0321 0321 3201 3120
   0    0    0    0 
  0  1 -1  0  0  0  0  0  0  0  0  0  0  0  0  0
  0  0  0  0  0  0  0  0  0  0  0  0  0  0  0  0
  0  4 -4  0  0  0  0  0  1 -1  0  0  0  0  0  0
  0  0  0  0  0  0  0  0  0  0  0  0  0  0  0  0
  0.421216315592   0.833252068640

   4    4    5    1 
 1302 0213 0132 0132
   0    0    0    0 
  0 -1  1  0  0  0  0  0  1 -1  0  0  0  0  0  0
  0  0  0  0  0  0  0  0  0  0  0  0  0  0  0  0
  0 -5  5  0 -1  0  1  0  5 -5  0  0 -1  1  0  0
  0  0  0  0  0  0  0  0  0  0  0  0  0  0  0  0
  0.423977991405   0.625008086893

   2    3    3    5 
 0321 2031 0213 3120
   0    0    0    0 
  0 -1  1  0  0  0  1 -1  0  0  0  0  0  0  0  0
  0  0  0  0  0  0  0  0  0  0  0  0  0  0  0  0
  0 -5  5  0  0  0  5 -5 -1  1  0  0  0  1 -1  0
  0  0  0  0  0  0  0  0  0  0  0  0  0  0  0  0
  0.973095147320   1.269440633483

   4    7    6    3 
 3120 0321 0132 0132
   0    0    0    0 
  0  0  1 -1  1  0 -1  0  0  0  0  0  0  0  0  0
  0  0  0  0  0  0  0  0  0  0  0  0  0  0  0  0
  0  0  5 -5  5  0 -4 -1  0  0  0  0  0  0  0  0
  0  0  0  0  0  0  0  0  0  0  0  0  0  0  0  0
  1.120632277473   0.996633806147

   1    8    8    5 
 1302 0213 2103 0132
   0    0    0    0 
  0  0  1 -1  0  0 -1  1 -1  1  0  0  0  0  0  0
  0  0  0  0  0  0  0  0  0  0  0  0  0  0  0  0
  0  0  5 -5  0  0 -4  4 -4  4  0  0 -1  1  0  0
  0  0  0  0  0  0  0  0  0  0  0  0  0  0  0  0
  1.235032241789   0.908837661209

   2    1    8    5 
 2310 3012 0132 0321
   0    0    0    0 
  0  0  0  0  0  0  0  0  0  0  0  0  1  0 -1  0
  0  0  0  0  0  0  0  0  0  0  0  0  0  0  0  0
  0  0  0  0  0  0  0  0  0  0  0  0  4  1 -5  0
  0  0  0  0  0  0  0  0  0  0  0  0  0  0  0  0
 -0.440534243179   1.240529995510

   6    0    6    7 
 2103 0132 0213 0132
   0    0    0    0 
  0  0  0  0  1  0 -1  0 -1  0  0  1  0  0  0  0
  0  0  0  0  0  0  0  0  0  0  0  0  0  0  0  0
  0  0  0  0  4  0 -4  0 -5  0  0  5  0  1 -1  0
  0  0  0  0  0  0  0  0  0  0  0  0  0  0  0  0
 -0.266710501835   1.031333177367

