% Triangulation
newlinks/L110052
geometric_solution  11.53754818
oriented_manifold
CS_unknown

1 0
    torus   0.000000000000   0.000000000000

13
   8   12   11   11 
 1230 1023 2310 3120
   0    0    0    0 
  0  0  0  0  0  0  0  0  0  0  0  0  0  0  0  0
  0  0  0  0  0  0  0  0  0  0  0  0  0  0  0  0
  0  0  0  0  0  0  0  0  1 -1  0  0  0  1 -1  0
  0  0  0  0  0  0  0  0  0  0  0  0  0  0  0  0
  1.052443553921   1.219313077675

   2    2    4    5 
 0321 3120 1302 3120
   0    0    0    0 
  0  0  0  0  0  0 -1  1  0  0  0  0  0  0  0  0
  0  0  0  0  0  0  0  0  0  0  0  0  0  0  0  0
  0  0  0  0  0  0  7 -7  1  0  0 -1  0  0  0  0
  0  0  0  0  0  0  0  0  0  0  0  0  0  0  0  0
  0.304427053690   0.636091275837

   1    1    8    3 
 0321 3120 1302 0321
   0    0    0    0 
  0  0  0  0  0  0  0  0  0  0  0  0  0  0  0  0
  0  0  0  0  0  0  0  0  0  0  0  0  0  0  0  0
  0  0  0  0  0  0 -1  1 -1  0  0  1  0  0  0  0
  0  0  0  0  0  0  0  0  0  0  0  0  0  0  0  0
  0.304427053690   0.636091275837

   7    2    4    5 
 0321 0321 0132 0132
   0    0    0    0 
  0  0  0  0  1  0 -1  0  1  0  0 -1  0  0  0  0
  0  0  0  0  0  0  0  0  0  0  0  0  0  0  0  0
  0  0  0  0 -6  0  6  0 -6 -1  0  7  1 -1  0  0
  0  0  0  0  0  0  0  0  0  0  0  0  0  0  0  0
  0.401490795139   0.552915699404

   1   10    7    3 
 2031 1023 0213 0132
   0    0    0    0 
  0  0  0  0  0  0 -1  1  0  0  0  0  1  0 -1  0
  0  0  0  0  0  0  0  0  0  0  0  0  0  0  0  0
  0  0  0  0  0  0  6 -6  0  0  0  0 -7  1  6  0
  0  0  0  0  0  0  0  0  0  0  0  0  0  0  0  0
  0.569875420321   1.008632747460

   1    6    3    6 
 3120 1023 0132 0321
   0    0    0    0 
  0  0  0  0 -1  0  0  1  0  0  0  0  0 -1  1  0
  0  0  0  0  0  0  0  0  0  0  0  0  0  0  0  0
  0  0  0  0  7  0  0 -7  1 -1  0  0  0  7 -7  0
  0  0  0  0  0  0  0  0  0  0  0  0  0  0  0  0
  0.197243719737   1.792750167742

   5    5    7    9 
 1023 0321 0132 0132
   0    0    0    0 
  0  0  0  0  0  0  0  0  0  0  0  0  1 -1  0  0
  0  0  0  0  0  0  0  0  0  0  0  0  0  0  0  0
  0  0  0  0  0  0 -1  1  1  0  0 -1 -7  7  0  0
  0  0  0  0  0  0  0  0  0  0  0  0  0  0  0  0
  0.208055762370   0.464639158931

   3    4    8    6 
 0321 0213 0132 0132
   0    0    0    0 
  0  0  0  0  0  0  0  0 -1  1  0  0 -1  1  0  0
  0  0  0  0  0  0  0  0  0  0  0  0  0  0  0  0
  0  0  0  0 -1  0  0  1  6 -6  0  0  6 -6  0  0
  0  0  0  0  0  0  0  0  0  0  0  0  0  0  0  0
  0.464992936487   2.518788964647

   2    0   10    7 
 2031 3012 0132 0132
   0    0    0    0 
  0  0  0  0  0  0  0  0  0  0  0  0  0  0  0  0
  0  0  0  0  0  0  0  0  0  0  0  0  0  0  0  0
  0  0  0  0  0  0  0  0  0  0  0  0  1 -1  0  0
  0  0  0  0  0  0  0  0  0  0  0  0  0  0  0  0
  0.085370655982   1.236808645594

  12   12    6   10 
 1023 0213 0132 0132
   0    0    0    0 
  0  0  0  0  0  0  0  0  0  0  0  0  0  0  0  0
  0  0  0  0  0  0  0  0  0  0  0  0  0  0  0  0
  0  0  0  0  1  0 -1  0  1  0  0 -1  0 -1  1  0
  0  0  0  0  0  0  0  0  0  0  0  0  0  0  0  0
  0.559124889553   1.288605272642

   4   11    9    8 
 1023 0321 0132 0132
   0    0    0    0 
  0  0  0  0  0  0  0  0  0  0  0  0  0  0  0  0
  0  0  0  0  0  0  0  0  0  0  0  0  0  0  0  0
  0  0  0  0  0  0  0  0  0  0  0  0 -1  0  1  0
  0  0  0  0  0  0  0  0  0  0  0  0  0  0  0  0
  0.206837801689   0.388776148027

   0    0   12   10 
 3120 3201 0132 0321
   0    0    0    0 
  0  0  0  0  0  0  0  0  0  0  0  0  0  0  0  0
  0  0  0  0  0  0  0  0  0  0  0  0  0  0  0  0
  0  1 -1  0  0  0  0  0  0  0  0  0  0  0  0  0
  0  0  0  0  0  0  0  0  0  0  0  0  0  0  0  0
 -0.541890764600   0.749327329985

   0    9    9   11 
 1023 1023 0213 0132
   0    0    0    0 
  0  0  0  0  0  0  0  0  0  0  0  0  0  0  0  0
  0  0  0  0  0  0  0  0  0  0  0  0  0  0  0  0
  0 -1  0  1  0  0  0  0  1 -1  0  0 -1  0  1  0
  0  0  0  0  0  0  0  0  0  0  0  0  0  0  0  0
  0.237684615016   0.694712949038

