% Triangulation
newlinks/L110127
geometric_solution  8.89681676
oriented_manifold
CS_unknown

1 0
    torus   0.000000000000   0.000000000000

10
   8    1    2    1 
 2031 1302 1023 0132
   0    0    0    0 
  0 -1  1  0  1  0 -1  0  0  0  0  0  0  0  0  0
  0  0  0  0  0  0  0  0  0  0  0  0  0  0  0  0
  0 -9  9  0 10  0 -10  0  0  0  0  0  0  1 -1  0
  0  0  0  0  0  0  0  0  0  0  0  0  0  0  0  0
 -0.612039424616   1.095259586733

   9    2    0    0 
 2031 0321 0132 2031
   0    0    0    0 
  0  0  0  0 -1  0  0  1  0  0  0  0  0  0  0  0
  0  0  0  0  0  0  0  0  0  0  0  0  0  0  0  0
  0  0  0  0 -9  0  0  9  0  1  0 -1 -1  1  0  0
  0  0  0  0  0  0  0  0  0  0  0  0  0  0  0  0
  0.055875330965   1.236784006268

   4    5    0    1 
 3012 3201 1023 0321
   0    0    0    0 
  0 -1  1  0  1  0 -1  0  0  0  0  0 -1  1  0  0
  0  0  0  0  0  0  0  0  0  0  0  0  0  0  0  0
  0 -10 10  0 10  0 -9 -1  1  0  0 -1 -10  9  1  0
  0  0  0  0  0  0  0  0  0  0  0  0  0  0  0  0
  0.186158103121   0.980802614969

   6    7    9    4 
 0132 2031 1302 0132
   0    0    0    0 
  0  1  0 -1  0  0  0  0  0  0  0  0  0  0  0  0
  0  0  0  0  0  0  0  0  0  0  0  0  0  0  0  0
  0 10  0 -10  0  0  0  0  1  0  0 -1  1 -1  0  0
  0  0  0  0  0  0  0  0  0  0  0  0  0  0  0  0
  0.663950670113   1.758374825177

   7    5    3    2 
 2103 3012 0132 1230
   0    0    0    0 
  0  0  1 -1  0  0  0  0 -1  0  0  1  0  0  0  0
  0  0  0  0  0  0  0  0  0  0  0  0  0  0  0  0
  0  0 10 -10  1  0  0 -1 -10  0  0 10  0 -1  1  0
  0  0  0  0  0  0  0  0  0  0  0  0  0  0  0  0
  0.136225292208   0.563971285658

   4    8    2    6 
 1230 1023 2310 1023
   0    0    0    0 
  0  0  0  0  0  0 -1  1  0  0  0  0  0 -1  1  0
  0  0  0  0  0  0  0  0  0  0  0  0  0  0  0  0
  0  0  0  0  0  0 -9  9  1  0  0 -1  0 -10 10  0
  0  0  0  0  0  0  0  0  0  0  0  0  0  0  0  0
  0.326838703747   0.699808437107

   3    9    7    5 
 0132 0321 0132 1023
   0    0    0    0 
  0  1  0 -1  0  0  0  0  0  0  0  0  0  0  0  0
  0  0  0  0  0  0  0  0  0  0  0  0  0  0  0  0
  0  9  0 -9  0  0  0  0 -1  0  0  1 -1  1  0  0
  0  0  0  0  0  0  0  0  0  0  0  0  0  0  0  0
  0.400006038226   0.414788096515

   3    8    4    6 
 1302 0132 2103 0132
   0    0    0    0 
  0 -1  1  0  0  0  0  0 -1  1  0  0  0  0  0  0
  0  0  0  0  0  0  0  0  0  0  0  0  0  0  0  0
  0 -10 10  0  1  0 -1  0 -10 10  0  0  0  0  0  0
  0  0  0  0  0  0  0  0  0  0  0  0  0  0  0  0
 -0.204641544728   1.249158576545

   5    7    0    9 
 1023 0132 1302 0321
   0    0    0    0 
  0  1 -1  0  0  0  0  0  0  0  0  0  1 -1  0  0
  0  0  0  0  0  0  0  0  0  0  0  0  0  0  0  0
  0 10 -10  0  0  0  0  0  0  0  0  0 10 -10  0  0
  0  0  0  0  0  0  0  0  0  0  0  0  0  0  0  0
  0.713943172867   0.742204667393

   3    8    1    6 
 2031 0321 1302 0321
   0    0    0    0 
  0  0  1 -1  0  0  0  0  0  0  0  0  0  0  0  0
  0  0  0  0  0  0  0  0  0  0  0  0  0  0  0  0
  0  0  9 -9  0  0  1 -1  0  0  0  0  0  0  0  0
  0  0  0  0  0  0  0  0  0  0  0  0  0  0  0  0
  0.595315455750   1.675389782665

