% Triangulation
newlinks/L110106
geometric_solution  13.93301899
oriented_manifold
CS_unknown

1 0
    torus   0.000000000000   0.000000000000

15
   6    3    8    1 
 0213 0213 2310 0132
   0    0    0    0 
  0  0  0  0  1  0  0 -1  0  0  0  0  0  0  0  0
  0  0  0  0  0  0  0  0  0  0  0  0  0  0  0  0
  0  0  0  0 -5  0  1  4  0  0  0  0  0  1 -1  0
  0  0  0  0  0  0  0  0  0  0  0  0  0  0  0  0
  0.695809822865   0.614694558812

  14    7    0    7 
 0321 0321 0132 3120
   0    0    0    0 
  0  0  0  0  0  0  1 -1  0  0  0  0 -1  1  0  0
  0  0  0  0  0  0  0  0  0  0  0  0  0  0  0  0
  0  1  0 -1  0  0 -4  4 -1  1  0  0  4 -4  0  0
  0  0  0  0  0  0  0  0  0  0  0  0  0  0  0  0
  0.477712422965   0.559957797443

   5    4    3    7 
 0132 1023 0132 0132
   0    0    0    0 
  0  0  0  0  0  0  0  0  0  0  0  0  0  0  0  0
  0  0  0  0  0  0  0  0  0  0  0  0  0  0  0  0
  0  0  0  0  0  0  0  0 -1  0  0  1  0  0  0  0
  0  0  0  0  0  0  0  0  0  0  0  0  0  0  0  0
  0.229940009075   0.658650172005

   5    6    0    2 
 1230 0213 0213 0132
   0    0    0    0 
  0  0  0  0  0  0  0  0  0  0  0  0  0  0  0  0
  0  0  0  0  0  0  0  0  0  0  0  0  0  0  0  0
  0  0  0  0  0  0  0  0  1 -1  0  0  1  0 -1  0
  0  0  0  0  0  0  0  0  0  0  0  0  0  0  0  0
  0.472937306309   0.775532685989

   2    5   10   13 
 1023 0321 2103 1023
   0    0    0    0 
  0  0  0  0  0  0  0  0  0  0  0  0  0  0  0  0
  0  0  0  0  0  0  0  0  0  0  0  0  0  0  0  0
  0  0  0  0  0  0  0  0  0  0  0  0  0  0  0  0
  0  0  0  0  0  0  0  0  0  0  0  0  0  0  0  0
  0.663450481657   0.565991578277

   2    3   13    4 
 0132 3012 1302 0321
   0    0    0    0 
  0  0  0  0  0  0  0  0  0  0  0  0  0  0  0  0
  0  0  0  0  0  0  0  0  0  0  0  0  0  0  0  0
  0 -1  1  0  0  0  0  0  0  0  0  0  1 -1  0  0
  0  0  0  0  0  0  0  0  0  0  0  0  0  0  0  0
 -0.282802121642   0.978669865857

   0   12    3   11 
 0213 3120 0213 1230
   0    0    0    0 
  0  0  0  0  0  0  0  0 -1  1  0  0  0  0  0  0
  0  0  0  0  0  0  0  0  0  0  0  0  0  0  0  0
  0  0  0  0  0  0  1 -1  5 -5  0  0  0  0  0  0
  0  0  0  0  0  0  0  0  0  0  0  0  0  0  0  0
  0.179105367018   0.367517246810

   1   12    2    1 
 3120 1023 0132 0321
   0    0    0    0 
  0  0  0  0  1  0  0 -1  0  0  0  0  0  0  0  0
  0  0  0  0  0  0  0  0  0  0  0  0  0  0  0  0
  0  1  0 -1 -4  0  0  4  0  1  0 -1  1  0 -1  0
  0  0  0  0  0  0  0  0  0  0  0  0  0  0  0  0
  0.118224392893   1.033586532522

  13    0    9   12 
 1023 3201 0132 0132
   0    0    0    0 
  0  0  0  0  0  0  0  0  0  0  0  0  0  0  0  0
  0  0  0  0  0  0  0  0  0  0  0  0  0  0  0  0
  0  1 -1  0  0  0  1 -1  0  0  0  0  1 -1  0  0
  0  0  0  0  0  0  0  0  0  0  0  0  0  0  0  0
  0.516350105798   1.526615286612

  14   14   10    8 
 3012 0132 0132 0132
   0    0    0    0 
  0  0  0  0  0  0  0  0  1 -1  0  0  0  0  0  0
  0  0  0  0  0  0  0  0  0  0  0  0  0  0  0  0
  0 -1  0  1  1  0  0 -1 -4  4  0  0  0  1 -1  0
  0  0  0  0  0  0  0  0  0  0  0  0  0  0  0  0
  0.259753269269   0.551821995405

   4   13   11    9 
 2103 0213 0132 0132
   0    0    0    0 
  0  0  0  0  0  0  0  0  0  0  0  0  0  0  0  0
  0  0  0  0  0  0  0  0  0  0  0  0  0  0  0  0
  0  0  0  0  0  0  0  0  0 -1  0  1  0 -1  1  0
  0  0  0  0  0  0  0  0  0  0  0  0  0  0  0  0
  0.154142930946   1.185080731333

   6   14   12   10 
 3012 0213 0132 0132
   0    0    0    0 
  0  0  0  0  0  0  0  0  0  0  0  0  0  1 -1  0
  0  0  0  0  0  0  0  0  0  0  0  0  0  0  0  0
  0  0  0  0  0  0  0  0  1  0  0 -1  0 -4  4  0
  0  0  0  0  0  0  0  0  0  0  0  0  0  0  0  0
  0.114470152296   0.764039243138

   7    6    8   11 
 1023 3120 0132 0132
   0    0    0    0 
  0  0  0  0  0  0  0  0  0 -1  0  1  0  0  0  0
  0  0  0  0  0  0  0  0  0  0  0  0  0  0  0  0
  0  0  0  0 -1  0  1  0 -1  5  0 -4  0  0  0  0
  0  0  0  0  0  0  0  0  0  0  0  0  0  0  0  0
  0.553870899767   0.952643205676

   5    8   10    4 
 2031 1023 0213 1023
   0    0    0    0 
  0  0  0  0  0  0  0  0  0  0  0  0  0  0  0  0
  0  0  0  0  0  0  0  0  0  0  0  0  0  0  0  0
  0  0  0  0 -1  0  1  0  0  0  0  0  0 -1  1  0
  0  0  0  0  0  0  0  0  0  0  0  0  0  0  0  0
  1.016434836571   0.919114825938

   1    9   11    9 
 0321 0132 0213 1230
   0    0    0    0 
  0  0  0  0  1  0  0 -1  0  0  0  0  0  1 -1  0
  0  0  0  0  0  0  0  0  0  0  0  0  0  0  0  0
  0  1  0 -1 -4  0  0  4  1 -1  0  0  0 -4  4  0
  0  0  0  0  0  0  0  0  0  0  0  0  0  0  0  0
  0.301699620459   1.483475106645

