% Triangulation
newlinks/L110128
geometric_solution  5.86053930
oriented_manifold
CS_unknown

1 0
    torus   0.000000000000   0.000000000000

7
   2    1    2    6 
 3012 1023 0321 2310
   0    0    0    0 
  0  0  0  0  0  0  0  0  1 -1  0  0  0  1 -1  0
  0  0  0  0  0  0  0  0  0  0  0  0  0  0  0  0
  0  0  0  0  0  0  0  0 -12 12  0  0 -1 -11 12  0
  0  0  0  0  0  0  0  0  0  0  0  0  0  0  0  0
  0.871372243384   0.517651276830

   0    3    5    4 
 1023 1023 3201 1023
   0    0    0    0 
  0  0  0  0  0  0  0  0  1 -1  0  0 -1  0  1  0
  0  0  0  0  0  0  0  0  0  0  0  0  0  0  0  0
  0  0  0  0  0  0  1 -1 -12 11  0  1 11  0 -11  0
  0  0  0  0  0  0  0  0  0  0  0  0  0  0  0  0
  0.196355789364   0.750261720162

   3    5    0    0 
 2310 0132 0321 1230
   0    0    0    0 
  0  0  0  0  0  0  1 -1  0  0  0  0  0  0  0  0
  0  0  0  0  0  0  0  0  0  0  0  0  0  0  0  0
  0  0  0  0  0  0 -12 12 -1  0  0  1  0  0  0  0
  0  0  0  0  0  0  0  0  0  0  0  0  0  0  0  0
  1.452106028142   1.819461591239

   1    5    2    4 
 1023 0213 3201 0132
   0    0    0    0 
  0  0  0  0  0  0  0  0  1 -1  0  0  0  0  0  0
  0  0  0  0  0  0  0  0  0  0  0  0  0  0  0  0
  0  0  0  0  0  0  1 -1 -11 11  0  0  0  0  0  0
  0  0  0  0  0  0  0  0  0  0  0  0  0  0  0  0
  1.351669111860   1.222650000403

   6    6    3    1 
 1302 0321 0132 1023
   0    0    0    0 
  0  0  0  0  0  0  0  0  0  0  0  0  0  0  0  0
  0  0  0  0  0  0  0  0  0  0  0  0  0  0  0  0
  0 -1  0  1 -1  0  1  0  1  0  0 -1  0  0  0  0
  0  0  0  0  0  0  0  0  0  0  0  0  0  0  0  0
  0.165877060086   0.612846565460

   1    2    3    6 
 2310 0132 0213 0132
   0    0    0    0 
  0  0  0  0 -1  0  1  0  0  0  0  0  0  0  0  0
  0  0  0  0  0  0  0  0  0  0  0  0  0  0  0  0
  0  0  0  0 11  0 -11  0 -1  0  0  1  0  0  0  0
  0  0  0  0  0  0  0  0  0  0  0  0  0  0  0  0
 -0.211892129220   0.429224426449

   0    4    5    4 
 3201 2031 0132 0321
   0    0    0    0 
  0  0  0  0  0  0  0  0  0  0  0  0  0  0  0  0
  0  0  0  0  0  0  0  0  0  0  0  0  0  0  0  0
  0 -1  0  1  0  0  0  0  0  0  0  0  0  1 -1  0
  0  0  0  0  0  0  0  0  0  0  0  0  0  0  0  0
  0.588492532659   1.520348491166

