% Triangulation
newlinks/L110136
geometric_solution  7.74627455
oriented_manifold
CS_unknown

1 0
    torus   0.000000000000   0.000000000000

9
   1    8    3    6 
 0321 2310 3012 2031
   0    0    0    0 
  0 -1  0  1  0  0  0  0  1 -1  0  0  0  1 -1  0
  0  0  0  0  0  0  0  0  0  0  0  0  0  0  0  0
  0  3  1 -4  0  0  0  0 -3  3  0  0 -1 -3  4  0
  0  0  0  0  0  0  0  0  0  0  0  0  0  0  0  0
  0.837360605176   0.585005756907

   0    7    3    2 
 0321 3201 2103 3201
   0    0    0    0 
  0  0  1 -1  0  0  0  0 -1  1  0  0  0  0  0  0
  0  0  0  0  0  0  0  0  0  0  0  0  0  0  0  0
  0  0 -4  4  1  0  0 -1  3 -3  0  0  0  0  0  0
  0  0  0  0  0  0  0  0  0  0  0  0  0  0  0  0
  0.837360605176   0.585005756907

   8    1    6    5 
 2031 2310 2103 2310
   0    0    0    0 
  0  0 -1  1  0  0  0  0  0  0  0  0  0  1 -1  0
  0  0  0  0  0  0  0  0  0  0  0  0  0  0  0  0
  0  0  4 -4  0  0  0  0 -1  1  0  0  0 -4  4  0
  0  0  0  0  0  0  0  0  0  0  0  0  0  0  0  0
  0.568260256713   1.334345469955

   1    0    4    5 
 2103 1230 0132 0132
   0    0    0    0 
  0  0  0  0  0  0  0  0 -1  1  0  0  0  0  0  0
  0  0  0  0  0  0  0  0  0  0  0  0  0  0  0  0
  0  0  0  0  0  0  0  0  4 -4  0  0  0 -1  1  0
  0  0  0  0  0  0  0  0  0  0  0  0  0  0  0  0
  0.136520513425   2.668690939911

   5    7    6    3 
 1302 2310 0132 0132
   0    0    0    0 
  0  0  0  0  0  0  0  0  0  0  0  0  0  0  0  0
  0  0  0  0  0  0  0  0  0  0  0  0  0  0  0  0
  0  1 -1  0  0  0  0  0  1  0  0 -1  0  0  0  0
  0  0  0  0  0  0  0  0  0  0  0  0  0  0  0  0
  0.159234606748   1.308145122405

   2    4    3    6 
 3201 2031 0132 0132
   0    0    0    0 
  0  0  0  0  0  0  0  0 -1  0  0  1  0  0  0  0
  0  0  0  0  0  0  0  0  0  0  0  0  0  0  0  0
  0 -1  0  1  0  0  0  0  4  0  0 -4  0  0  0  0
  0  0  0  0  0  0  0  0  0  0  0  0  0  0  0  0
 -0.443477875437   0.421371067450

   2    0    5    4 
 2103 1302 0132 0132
   0    0    0    0 
  0  0  0  0  0  0  0  0  1 -1  0  0  1  0 -1  0
  0  0  0  0  0  0  0  0  0  0  0  0  0  0  0  0
  0  0 -1  1  0  0  0  0 -4  4  0  0 -4  0  4  0
  0  0  0  0  0  0  0  0  0  0  0  0  0  0  0  0
  0.276746325780   0.372699832337

   8    8    1    4 
 1230 2031 2310 3201
   0    0    0    0 
  0  1 -1  0  0  0  0  0  0  0  0  0 -1  1  0  0
  0  0  0  0  0  0  0  0  0  0  0  0  0  0  0  0
  0 -3  3  0  0  0  0  0  1  0  0 -1  3 -3  0  0
  0  0  0  0  0  0  0  0  0  0  0  0  0  0  0  0
  0.602712482186   0.886774054954

   7    7    2    0 
 1302 3012 1302 3201
   0    0    0    0 
  0  1  0 -1 -1  0  0  1 -1  0  0  1  0  0  0  0
  0  0  0  0  0  0  0  0  0  0  0  0  0  0  0  0
  0 -3  0  3  3  0  0 -3  3  0  0 -3  0 -1  1  0
  0  0  0  0  0  0  0  0  0  0  0  0  0  0  0  0
  0.602712482186   0.886774054954

