% Triangulation
newlinks/L110150
geometric_solution  10.08136286
oriented_manifold
CS_unknown

1 0
    torus   0.000000000000   0.000000000000

11
  10    5   10    3 
 3012 3120 1302 3120
   0    0    0    0 
  0  1 -1  0  0  0  1 -1  0  0  0  0  0  0  0  0
  0  0  0  0  0  0  0  0  0  0  0  0  0  0  0  0
  0 -10 10  0  0  0 -11 11  0  0  0  0  0  1 -1  0
  0  0  0  0  0  0  0  0  0  0  0  0  0  0  0  0
  0.492895929269   0.664952708265

  10    4    9    2 
 2103 0132 3201 0132
   0    0    0    0 
  0 -1  1  0  1  0  0 -1  0  0  0  0 -1  1  0  0
  0  0  0  0  0  0  0  0  0  0  0  0  0  0  0  0
  0 10 -10  0 -10  0  0 10  0  0  0  0 11 -11  0  0
  0  0  0  0  0  0  0  0  0  0  0  0  0  0  0  0
  0.677772461282   0.924806735070

   4    9    1    7 
 0321 0132 0132 3120
   0    0    0    0 
  0  1  0 -1  0  0  1 -1  0 -1  0  1  1 -1  0  0
  0  0  0  0  0  0  0  0  0  0  0  0  0  0  0  0
  0 -11  0 11  0  0 -10 10  0 10  0 -10 -11 11  0  0
  0  0  0  0  0  0  0  0  0  0  0  0  0  0  0  0
  0.622588603745   0.570956498621

   0    8    5    4 
 3120 0132 0132 0132
   0    0    0    0 
  0  0 -1  1  1  0  0 -1  0  0  0  0  0 -1  1  0
  0  0  0  0  0  0  0  0  0  0  0  0  0  0  0  0
  0  0 10 -10 -11  0  0 11  0  0  0  0  0 11 -11  0
  0  0  0  0  0  0  0  0  0  0  0  0  0  0  0  0
  0.643579640405   1.197892681663

   2    1    3    7 
 0321 0132 0132 0132
   0    0    0    0 
  0  1 -1  0 -1  0  1  0  0 -1  0  1  0  0  0  0
  0  0  0  0  0  0  0  0  0  0  0  0  0  0  0  0
  0 -10 10  0 11  0 -11  0  0 11  0 -11  0  0  0  0
  0  0  0  0  0  0  0  0  0  0  0  0  0  0  0  0
  0.335969327970   0.964246254430

   8    0    6    3 
 0132 3120 0132 0132
   0    0    0    0 
  0  0 -1  1 -1  0  1  0  1  0  0 -1  0 -1  1  0
  0  0  0  0  0  0  0  0  0  0  0  0  0  0  0  0
  0 -1 11 -10 10  0 -10  0 -11  0  0 11  0 10 -10  0
  0  0  0  0  0  0  0  0  0  0  0  0  0  0  0  0
 -0.397484541821   0.529736530085

  10    8    7    5 
 1023 0321 0132 0132
   0    0    0    0 
  0 -1  0  1  0  0  1 -1  0  1  0 -1  0  0  0  0
  0  0  0  0  0  0  0  0  0  0  0  0  0  0  0  0
  0 11  0 -11  0  0 -10 10  1 -11  0 10  0  0  0  0
  0  0  0  0  0  0  0  0  0  0  0  0  0  0  0  0
  0.492895929269   0.664952708265

   2    9    4    6 
 3120 0213 0132 0132
   0    0    0    0 
  0  0  0  0  1  0  0 -1 -1  1  0  0  1  0 -1  0
  0  0  0  0  0  0  0  0  0  0  0  0  0  0  0  0
  0  0  0  0 -10  0  0 10 10 -10  0  0 -11  0 11  0
  0  0  0  0  0  0  0  0  0  0  0  0  0  0  0  0
  0.893948994970   0.962752725277

   5    3    9    6 
 0132 0132 0132 0321
   0    0    0    0 
  0  0 -1  1  1  0 -1  0  0  1  0 -1 -1  0  1  0
  0  0  0  0  0  0  0  0  0  0  0  0  0  0  0  0
  0  0 11 -11 -10  0 10  0  0 -11  0 11 11  0 -11  0
  0  0  0  0  0  0  0  0  0  0  0  0  0  0  0  0
 -0.445839816616   0.814525349439

   1    2    7    8 
 2310 0132 0213 0132
   0    0    0    0 
  0 -1  0  1  0  0 -1  1  0  1  0 -1 -1  1  0  0
  0  0  0  0  0  0  0  0  0  0  0  0  0  0  0  0
  0 11  0 -11  0  0 10 -10  0 -11  0 11 10 -10  0  0
  0  0  0  0  0  0  0  0  0  0  0  0  0  0  0  0
  0.113043945832   1.026236072869

   0    6    1    0 
 2031 1023 2103 1230
   0    0    0    0 
  0  0  0  0  1  0 -1  0  0  0  0  0 -1  0  1  0
  0  0  0  0  0  0  0  0  0  0  0  0  0  0  0  0
  0  0  0  0 -10  0 10  0  1 -1  0  0 11  0 -11  0
  0  0  0  0  0  0  0  0  0  0  0  0  0  0  0  0
  0.280557855697   0.970580144583

