% Triangulation
newlinks/L110152
geometric_solution  8.53606535
oriented_manifold
CS_unknown

1 0
    torus   0.000000000000  -0.000000000000

9
   7    1    5    3 
 1230 0132 3201 1023
   0    0    0    0 
  0  0  0  0  0  0  0  0  0  0  0  0  1  0 -1  0
  0  0  0  0  0  0  0  0  0  0  0  0  0  0  0  0
  0  0  0  0  0  0  1 -1  0  1  0 -1 13  1 -14  0
  0  0  0  0  0  0  0  0  0  0  0  0  0  0  0  0
  0.398144225047   0.938673735101

   8    0    2    5 
 3012 0132 1023 3201
   0    0    0    0 
  0  0  0  0  0  0  0  0  0  0  0  0  0  0  0  0
  0  0  0  0  0  0  0  0  0  0  0  0  0  0  0  0
  0  0 -1  1  0  0  0  0  0 -1  0  1  1 -1  0  0
  0  0  0  0  0  0  0  0  0  0  0  0  0  0  0  0
  0.398144225047   0.938673735101

   7    4    1    3 
 2103 0213 1023 0132
   0    0    0    0 
  0  0  0  0  0  0  0  0  0  0  0  0  0  0  0  0
  0  0  0  0  0  0  0  0  0  0  0  0  0  0  0  0
  0  0  0  0 -1  0  1  0  0  0  0  0  0  0  0  0
  0  0  0  0  0  0  0  0  0  0  0  0  0  0  0  0
  0.788113282369   1.030348062330

   6    5    2    0 
 1302 0321 0132 1023
   0    0    0    0 
  0  0  0  0  0  0  0  0  0  0  0  0 -1  1  0  0
  0  0  0  0  0  0  0  0  0  0  0  0  0  0  0  0
  0 -1  0  1  0  0  0  0  0 -1  0  1 -14 14  0  0
  0  0  0  0  0  0  0  0  0  0  0  0  0  0  0  0
  0.373482174391   0.657364778308

   8    6    2    5 
 0132 1023 0213 0132
   0    0    0    0 
  0  0  0  0  0  0  0  0 -1  1  0  0  0  0  0  0
  0  0  0  0  0  0  0  0  0  0  0  0  0  0  0  0
  0  0  0  0  0  0  0  0 -13 14  0 -1  0  0  0  0
  0  0  0  0  0  0  0  0  0  0  0  0  0  0  0  0
 -0.084180392753   0.888987750826

   0    1    4    3 
 2310 2310 0132 0321
   0    0    0    0 
  0  0  0  0  1  0  0 -1  0  0  0  0  0  0  0  0
  0  0  0  0  0  0  0  0  0  0  0  0  0  0  0  0
  0 -1  0  1 14  0  0 -14 -1  0  0  1  0 -1  1  0
  0  0  0  0  0  0  0  0  0  0  0  0  0  0  0  0
 -0.382968263208   0.902894547844

   4    3    7    8 
 1023 2031 3201 0132
   0    0    0    0 
  0  0  0  0  0  0  0  0 -1  1  0  0  0  0  0  0
  0  0  0  0  0  0  0  0  0  0  0  0  0  0  0  0
  0  0  0  0  0  0  0  0 -14 14  0  0  0  0  0  0
  0  0  0  0  0  0  0  0  0  0  0  0  0  0  0  0
  0.905130893504   1.269668676169

   6    0    2    8 
 2310 3012 2103 3201
   0    0    0    0 
  0 -1  0  1  0  0  0  0  0  0  0  0  0  0  0  0
  0  0  0  0  0  0  0  0  0  0  0  0  0  0  0  0
  0 -13  0 13  0  0  1 -1  0  0  0  0  0  0  0  0
  0  0  0  0  0  0  0  0  0  0  0  0  0  0  0  0
  0.484064196200   0.754962178624

   4    7    6    1 
 0132 2310 0132 1230
   0    0    0    0 
  0  0  0  0  0  0  0  0  0  0  0  0  1 -1  0  0
  0  0  0  0  0  0  0  0  0  0  0  0  0  0  0  0
  0  0  0  0  0  0  0  0  0  1  0 -1 13 -13  0  0
  0  0  0  0  0  0  0  0  0  0  0  0  0  0  0  0
  0.484064196200   0.754962178624

