% Triangulation
newlinks/L110077
geometric_solution  12.07471168
oriented_manifold
CS_unknown

1 0
    torus   0.000000000000  -0.000000000000

13
   4   11    3   11 
 3012 1023 1023 0321
   0    0    0    0 
  0 -1  0  1  0  0  0  0  0  0  0  0  0  0  0  0
  0  0  0  0  0  0  0  0  0  0  0  0  0  0  0  0
  0  7  0 -7 -1  0  0  1 -1  0  0  1  0  0  0  0
  0  0  0  0  0  0  0  0  0  0  0  0  0  0  0  0
  0.818878186902   0.541013571466

   9   10    2    3 
 1302 1023 0132 1230
   0    0    0    0 
  0  0  0  0 -1  0  1  0  0  0  0  0  0  1 -1  0
  0  0  0  0  0  0  0  0  0  0  0  0  0  0  0  0
  0  0  0  0  7  0 -7  0  0  0  0  0  0 -8  8  0
  0  0  0  0  0  0  0  0  0  0  0  0  0  0  0  0
  0.403438883809   0.634228068045

  12   12   11    1 
 1023 0213 0132 0132
   0    0    0    0 
  0  1 -1  0  0  0  1 -1 -1  0  0  1  0  0  0  0
  0  0  0  0  0  0  0  0  0  0  0  0  0  0  0  0
  0 -8  8  0  0  0 -7  7  8  0  0 -8  1  0 -1  0
  0  0  0  0  0  0  0  0  0  0  0  0  0  0  0  0
  0.359957615513   1.052968312192

   1    7    0    4 
 3012 1023 1023 0132
   0    0    0    0 
  0  0  0  0  0  0  0  0  0  0  0  0  0  0  0  0
  0  0  0  0  0  0  0  0  0  0  0  0  0  0  0  0
  0  0  0  0  0  0  0  0  0  0  0  0  0  0  0  0
  0  0  0  0  0  0  0  0  0  0  0  0  0  0  0  0
  0.963682954243   0.707162879881

  11   10    3    0 
 2031 0321 0132 1230
   0    0    0    0 
  0  0  0  0  0  0  0  0  0  0  0  0  0  0  0  0
  0  0  0  0  0  0  0  0  0  0  0  0  0  0  0  0
  0 -1  0  1 -1  0  0  1 -1  1  0  0  0  0  0  0
  0  0  0  0  0  0  0  0  0  0  0  0  0  0  0  0
  1.197961716994   0.845653585095

  12    6    6    9 
 0213 3012 0132 0132
   0    0    0    0 
  0 -1  1  0  1  0  0 -1 -1  0  0  1  0  0  0  0
  0  0  0  0  0  0  0  0  0  0  0  0  0  0  0  0
  0  7 -7  0 -8  0  0  8  7  0  0 -7 -1  1  0  0
  0  0  0  0  0  0  0  0  0  0  0  0  0  0  0  0
  0.306416640382   1.454650388040

   5    8    7    5 
 1230 2310 0213 0132
   0    0    0    0 
  0  1  0 -1  0  0  0  0  0  0  0  0  1 -1  0  0
  0  0  0  0  0  0  0  0  0  0  0  0  0  0  0  0
  0 -7  0  7  0  0  0  0 -1  1  0  0 -7  8 -1  0
  0  0  0  0  0  0  0  0  0  0  0  0  0  0  0  0
  0.306416640382   1.454650388040

   3    6   10    8 
 1023 0213 3012 0132
   0    0    0    0 
  0  0 -1  1  0  0  0  0  0  0  0  0  0  0  0  0
  0  0  0  0  0  0  0  0  0  0  0  0  0  0  0  0
  0  0  8 -8  0  0  0  0  0  0  0  0  0  1 -1  0
  0  0  0  0  0  0  0  0  0  0  0  0  0  0  0  0
  0.802139111848   0.758675163769

  10    9    7    6 
 2031 0321 0132 3201
   0    0    0    0 
  0  0 -1  1  0  0  0  0  0  1  0 -1  0  0  0  0
  0  0  0  0  0  0  0  0  0  0  0  0  0  0  0  0
  0  0  8 -8  1  0  0 -1  0 -7  0  7  0  0  0  0
  0  0  0  0  0  0  0  0  0  0  0  0  0  0  0  0
  0.927166009956   0.724270274693

  12    1    5    8 
 3012 2031 0132 0321
   0    0    0    0 
  0  0  0  0 -1  0  1  0  1  0  0 -1  0  1 -1  0
  0  0  0  0  0  0  0  0  0  0  0  0  0  0  0  0
  0  0  0  0  8  0 -8  0 -7  0  0  7  0 -7  7  0
  0  0  0  0  0  0  0  0  0  0  0  0  0  0  0  0
  0.189900153672   0.541081795502

   1    7    8    4 
 1023 1230 1302 0321
   0    0    0    0 
  0  0  0  0  0  0  0  0  0  0  0  0 -1  1  0  0
  0  0  0  0  0  0  0  0  0  0  0  0  0  0  0  0
  0  0 -1  1  0  0  0  0  0  1  0 -1  8 -8  0  0
  0  0  0  0  0  0  0  0  0  0  0  0  0  0  0  0
  0.088381786436   1.222279976816

   0    0    4    2 
 1023 0321 1302 0132
   0    0    0    0 
  0 -1  0  1  1  0  0 -1  0  0  0  0  0  0  0  0
  0  0  0  0  0  0  0  0  0  0  0  0  0  0  0  0
  0  7  1 -8 -7  0  0  7  0 -1  0  1  0 -1  1  0
  0  0  0  0  0  0  0  0  0  0  0  0  0  0  0  0
  0.556440461886   1.662096002927

   5    2    2    9 
 0213 1023 0213 1230
   0    0    0    0 
  0  0 -1  1  1  0  0 -1 -1  1  0  0  0  0  0  0
  0  0  0  0  0  0  0  0  0  0  0  0  0  0  0  0
  0  0  8 -8 -7  0  0  7  8 -8  0  0  1 -1  0  0
  0  0  0  0  0  0  0  0  0  0  0  0  0  0  0  0
  0.421525191792   0.693473870646

