% Triangulation
newlinks/L110008
geometric_solution  6.08323484
oriented_manifold
CS_unknown

1 0
    torus   0.000000000000  -0.000000000000

7
   0    0    1    6 
 1230 3012 0321 0321
   0    0    0    0 
  0  0  0  0  0  0  0  0  1  0  0 -1  0 -1  1  0
  0  0  0  0  0  0  0  0  0  0  0  0  0  0  0  0
  0  0  0  0  0  0  0  0 11  0  0 -11  0 -11 11  0
  0  0  0  0  0  0  0  0  0  0  0  0  0  0  0  0
  1.003916240122   0.544104732701

   6    3    0    2 
 3012 0132 0321 0132
   0    0    0    0 
  0 -1  0  1  1  0 -1  0 -1  0  0  1  0  0  0  0
  0  0  0  0  0  0  0  0  0  0  0  0  0  0  0  0
  0 -10  0 10 11  0 -11  0 -10  0  0 10  1 -1  0  0
  0  0  0  0  0  0  0  0  0  0  0  0  0  0  0  0
  1.848146100737   1.109468990348

   5    5    1    6 
 1023 0321 0132 2310
   0    0    0    0 
  0  0 -1  1  0  0  0  0  0  0  0  0  1  0 -1  0
  0  0  0  0  0  0  0  0  0  0  0  0  0  0  0  0
  0  0 -10 10  0  0  0  0  0  1  0 -1 10  0 -10  0
  0  0  0  0  0  0  0  0  0  0  0  0  0  0  0  0
  0.256258616247   0.874286916497

   6    1    4    5 
 2031 0132 0132 3120
   0    0    0    0 
  0  1  0 -1 -1  0  0  1  0  0  0  0  1  0 -1  0
  0  0  0  0  0  0  0  0  0  0  0  0  0  0  0  0
  0 10  0 -10 -11  0  0 11  0  1  0 -1 11  0 -11  0
  0  0  0  0  0  0  0  0  0  0  0  0  0  0  0  0
  0.256258616247   0.874286916497

   4    5    4    3 
 2031 0213 1302 0132
   0    0    0    0 
  0  0  0  0  0  0  0  0  0 -1  0  1  0  0  0  0
  0  0  0  0  0  0  0  0  0  0  0  0  0  0  0  0
  0  0  0  0  0  0  0  0  0 -11  0 11  0  0  0  0
  0  0  0  0  0  0  0  0  0  0  0  0  0  0  0  0
  0.337301254433   1.269416378082

   3    2    4    2 
 3120 1023 0213 0321
   0    0    0    0 
  0  0  0  0 -1  0  1  0  0  0  0  0  1 -1  0  0
  0  0  0  0  0  0  0  0  0  0  0  0  0  0  0  0
  0  0  0  0 -11  0 11  0  1  0  0 -1 10 -10  0  0
  0  0  0  0  0  0  0  0  0  0  0  0  0  0  0  0
  0.691271823215   1.053299239922

   2    0    3    1 
 3201 0321 1302 1230
   0    0    0    0 
  0  0  1 -1  0  0 -1  1 -1  1  0  0  0  0  0  0
  0  0  0  0  0  0  0  0  0  0  0  0  0  0  0  0
  0  0 11 -11  1  0 -11 10 -10 11  0 -1  0  0  0  0
  0  0  0  0  0  0  0  0  0  0  0  0  0  0  0  0
 -0.496390860123   1.900120943886

