% Triangulation
newlinks/L110108
geometric_solution  12.90462395
oriented_manifold
CS_unknown

1 0
    torus   0.000000000000  -0.000000000000

14
   1    3    1   11 
 2103 1023 0132 1230
   0    0    0    0 
  0  0  0  0  0  0  0  0 -1  1  0  0  1  0 -1  0
  0  0  0  0  0  0  0  0  0  0  0  0  0  0  0  0
  0  0  0  0 -1  0  0  1  9 -8  0 -1 -9  0  9  0
  0  0  0  0  0  0  0  0  0  0  0  0  0  0  0  0
  0.465402150701   0.746390096628

   7   12    0    0 
 1023 0213 2103 0132
   0    0    0    0 
  0 -1  1  0  0  0  0  0  0 -1  0  1  0  1 -1  0
  0  0  0  0  0  0  0  0  0  0  0  0  0  0  0  0
  0  9 -9  0 -1  0  1  0  0  9  0 -9  0 -9  9  0
  0  0  0  0  0  0  0  0  0  0  0  0  0  0  0  0
  0.634241624911   0.885509861897

  12    4   12    3 
 3012 0132 1302 0132
   0    0    0    0 
  0 -1  1  0  1  0 -1  0  0  0  0  0  0  0  0  0
  0  0  0  0  0  0  0  0  0  0  0  0  0  0  0  0
  0  9 -9  0 -9  0  9  0  0  0  0  0  0  1 -1  0
  0  0  0  0  0  0  0  0  0  0  0  0  0  0  0  0
  0.566708489729   0.728547341842

   0    6    2    5 
 1023 1023 0132 2310
   0    0    0    0 
  0  1  0 -1  0  0  0  0 -1  1  0  0  0  0  0  0
  0  0  0  0  0  0  0  0  0  0  0  0  0  0  0  0
  0 -8  0  8  0  0  0  0  8 -8  0  0  0  0  0  0
  0  0  0  0  0  0  0  0  0  0  0  0  0  0  0  0
  0.962282196297   0.918050965965

   8    2    5   11 
 0321 0132 0132 0132
   0    0    0    0 
  0  1 -1  0  0  0  0  0  0  0  0  0  0  0  0  0
  0  0  0  0  0  0  0  0  0  0  0  0  0  0  0  0
  0 -9  9  0  0  0  0  0  0 -1  0  1  0  0  0  0
  0  0  0  0  0  0  0  0  0  0  0  0  0  0  0  0
  0.560672268045   0.473777153020

   3    7    8    4 
 3201 1023 0213 0132
   0    0    0    0 
  0  0 -1  1  0  0  0  0  1 -1  0  0  0  0  0  0
  0  0  0  0  0  0  0  0  0  0  0  0  0  0  0  0
  0  0  9 -9  0  0  0  0 -8  8  0  0  0  0  0  0
  0  0  0  0  0  0  0  0  0  0  0  0  0  0  0  0
  0.504966941565   0.628169606673

   3   13    7    8 
 1023 3201 0132 0132
   0    0    0    0 
  0 -1  0  1 -1  0  1  0 -1  1  0  0  0 -1  1  0
  0  0  0  0  0  0  0  0  0  0  0  0  0  0  0  0
  0  8  1 -9  8  0 -8  0  8 -8  0  0  0  8 -8  0
  0  0  0  0  0  0  0  0  0  0  0  0  0  0  0  0
  0.533449763496   1.355689684583

   5    1   10    6 
 1023 1023 0132 0132
   0    0    0    0 
  0  0  0  0  0  0  1 -1  1  0  0 -1  0  0  0  0
  0  0  0  0  0  0  0  0  0  0  0  0  0  0  0  0
  0  1  0 -1  0  0 -8  8 -8  0  0  8  0  0  0  0
  0  0  0  0  0  0  0  0  0  0  0  0  0  0  0  0
 -0.285705742684   0.963901006391

   4    5    6    9 
 0321 0213 0132 0132
   0    0    0    0 
  0  1 -1  0  0  0  0  0  0  0  0  0  0  0  0  0
  0  0  0  0  0  0  0  0  0  0  0  0  0  0  0  0
  0 -9  9  0  0  0  0  0  0  0  0  0  0  0  0  0
  0  0  0  0  0  0  0  0  0  0  0  0  0  0  0  0
  1.499776728306   1.567184736840

  11   11    8   10 
 1023 0321 0132 0132
   0    0    0    0 
  0  0  0  0  0  0  0  0  0  0  0  0  0  0  0  0
  0  0  0  0  0  0  0  0  0  0  0  0  0  0  0  0
  0  0  0  0  0  0  0  0  0 -1  0  1  0  0  0  0
  0  0  0  0  0  0  0  0  0  0  0  0  0  0  0  0
  0.224169497418   0.509505706477

  13   13    9    7 
 1302 3012 0132 0132
   0    0    0    0 
  0  0  0  0  1  0  0 -1 -1  1  0  0  0  0  0  0
  0  0  0  0  0  0  0  0  0  0  0  0  0  0  0  0
  0  0  0  0 -8  0  0  8  8 -8  0  0  1  0 -1  0
  0  0  0  0  0  0  0  0  0  0  0  0  0  0  0  0
  0.170425696392   0.539148716519

   0    9    4    9 
 3012 1023 0132 0321
   0    0    0    0 
  0  0  0  0  0  0  0  0  0  0  0  0  0  0  0  0
  0  0  0  0  0  0  0  0  0  0  0  0  0  0  0  0
  0  0  0  0  0  0  0  0 -1  0  0  1  1  0 -1  0
  0  0  0  0  0  0  0  0  0  0  0  0  0  0  0  0
  0.276517915898   1.644372917055

   2   13    1    2 
 2031 0321 0213 1230
   0    0    0    0 
  0  0  1 -1 -1  0  1  0  0  0  0  0  1  0 -1  0
  0  0  0  0  0  0  0  0  0  0  0  0  0  0  0  0
  0  0 -9  9  9  0 -9  0  1 -1  0  0 -9  0  9  0
  0  0  0  0  0  0  0  0  0  0  0  0  0  0  0  0
  0.334802143822   0.855162995968

  10   10    6   12 
 1230 2031 2310 0321
   0    0    0    0 
  0  1 -1  0 -1  0  1  0  0  0  0  0  0 -1  1  0
  0  0  0  0  0  0  0  0  0  0  0  0  0  0  0  0
  0 -8  8  0  8  0 -8  0  0 -1  0  1  0  8 -8  0
  0  0  0  0  0  0  0  0  0  0  0  0  0  0  0  0
  0.170425696392   0.539148716519

