% Triangulation
newlinks/L111045
geometric_solution  15.79450607
oriented_manifold
CS_unknown

1 0
    torus   0.000000000000  -0.000000000000

17
  11   14    1   10 
 2031 2031 0132 0321
   0    0    0    0 
  0  0  0  0  0  0  0  0  0  0  0  0  0  0  0  0
  0  0  0  0  0  0  0  0  0  0  0  0  0  0  0  0
  0  0  0  0  0  0  0  0  1 -1  0  0  0  0  0  0
  0  0  0  0  0  0  0  0  0  0  0  0  0  0  0  0
 -0.065724621534   1.817081814866

  14    2    4    0 
 3012 0321 0321 0132
   0    0    0    0 
  0  0  0  0  0  0  0  0  0  0  0  0  0  1 -1  0
  0  0  0  0  0  0  0  0  0  0  0  0  0  0  0  0
  0  0  0  0 -1  0  1  0  1 -1  0  0  0  7 -7  0
  0  0  0  0  0  0  0  0  0  0  0  0  0  0  0  0
  0.230145912125   0.917798079935

   9    9    3    1 
 1023 0321 0132 0321
   0    0    0    0 
  0 -1  1  0  1  0  0 -1  0  0  0  0  0  0  0  0
  0  0  0  0  0  0  0  0  0  0  0  0  0  0  0  0
  0 -7  7  0  7  0  0 -7  0 -1  0  1  0  0  0  0
  0  0  0  0  0  0  0  0  0  0  0  0  0  0  0  0
  0.674821616768   0.645666129465

  10    6   12    2 
 3012 0132 3201 0132
   0    0    0    0 
  0  0  1 -1 -1  0  1  0  0  0  0  0  0  0  0  0
  0  0  0  0  0  0  0  0  0  0  0  0  0  0  0  0
  0  0  7 -7 -8  0  8  0  0  0  0  0  0  0  0  0
  0  0  0  0  0  0  0  0  0  0  0  0  0  0  0  0
  1.120221082538   0.634976432738

  11    8    1    5 
 1230 0213 0321 0132
   0    0    0    0 
  0  1  0 -1  0  0  1 -1  0  0  0  0  0  0  0  0
  0  0  0  0  0  0  0  0  0  0  0  0  0  0  0  0
  0  8  0 -8  0  0  7 -7 -1  0  0  1  0  1 -1  0
  0  0  0  0  0  0  0  0  0  0  0  0  0  0  0  0
  0.764722677452   0.825318862806

   7    6    4   15 
 0321 0321 0132 1302
   0    0    0    0 
  0  0  1 -1 -1  0  1  0  0  0  0  0  0  0  0  0
  0  0  0  0  0  0  0  0  0  0  0  0  0  0  0  0
  0  0  8 -8 -7  0  7  0  0  0  0  0  0  1 -1  0
  0  0  0  0  0  0  0  0  0  0  0  0  0  0  0  0
  0.679353433281   0.469406415300

  13    3    7    5 
 2031 0132 0132 0321
   0    0    0    0 
  0  0  0  0  0  0  0  0  0  0  0  0  0  0  0  0
  0  0  0  0  0  0  0  0  0  0  0  0  0  0  0  0
  0  0  0  0  1  0  0 -1  0  0  0  0  0  0  0  0
  0  0  0  0  0  0  0  0  0  0  0  0  0  0  0  0
  0.123553404038   0.889693426477

   5    9    8    6 
 0321 0213 0132 0132
   0    0    0    0 
  0  0  0  0  0  0  0  0  0  0  0  0  1  0 -1  0
  0  0  0  0  0  0  0  0  0  0  0  0  0  0  0  0
  0  0  0  0  0  0  0  0  0  0  0  0  7  0 -7  0
  0  0  0  0  0  0  0  0  0  0  0  0  0  0  0  0
  0.371326207322   1.125350781285

  16   10    4    7 
 1302 0213 0213 0132
   0    0    0    0 
  0  1 -1  0  0  0  0  0 -1  0  0  1  0  0  0  0
  0  0  0  0  0  0  0  0  0  0  0  0  0  0  0  0
  0  8 -8  0  0  0  0  0 -8  1  0  7  1  0 -1  0
  0  0  0  0  0  0  0  0  0  0  0  0  0  0  0  0
  0.865046925732   0.789485354884

  16    2    7    2 
 3120 1023 0213 0321
   0    0    0    0 
  0 -1  0  1  0  0  0  0  0  0  0  0  0  0  0  0
  0  0  0  0  0  0  0  0  0  0  0  0  0  0  0  0
  0 -7  0  7  0  0  0  0 -1  0  0  1  0  0  0  0
  0  0  0  0  0  0  0  0  0  0  0  0  0  0  0  0
  0.226360625342   0.740214492579

  16    0    8    3 
 0132 0321 0213 1230
   0    0    0    0 
  0  0 -1  1  0  0  0  0  0  0  0  0  0  0  0  0
  0  0  0  0  0  0  0  0  0  0  0  0  0  0  0  0
  0  0 -8  8  1  0 -1  0  0  0  0  0  0  0  0  0
  0  0  0  0  0  0  0  0  0  0  0  0  0  0  0  0
  0.428989029223   0.635498823908

  15    4    0   12 
 0132 3012 1302 0321
   0    0    0    0 
  0  0  0  0  0  0  0  0  1  0  0 -1  0  0  0  0
  0  0  0  0  0  0  0  0  0  0  0  0  0  0  0  0
  0  0  0  0  0  0  0  0  8  0  0 -8  0  1 -1  0
  0  0  0  0  0  0  0  0  0  0  0  0  0  0  0  0
  0.958225539821   0.688509400679

   3   11   13   14 
 2310 0321 0132 0321
   0    0    0    0 
  0  0  0  0  0  0  0  0 -1  1  0  0 -1  0  1  0
  0  0  0  0  0  0  0  0  0  0  0  0  0  0  0  0
  0  0  0  0  0  0 -1  1 -8  8  0  0 -7  0  7  0
  0  0  0  0  0  0  0  0  0  0  0  0  0  0  0  0
  0.927680911037   0.608632653335

  15   14    6   12 
 3012 0213 1302 0132
   0    0    0    0 
  0  0  0  0  0  0  0  0  1  0  0 -1  0  0  0  0
  0  0  0  0  0  0  0  0  0  0  0  0  0  0  0  0
  0  1 -1  0 -1  0  0  1  8 -1  0 -7  0  0  0  0
  0  0  0  0  0  0  0  0  0  0  0  0  0  0  0  0
  0.575392117450   0.707087498037

   0   12   13    1 
 1302 0321 0213 1230
   0    0    0    0 
  0  0  0  0  0  0  0  0  0  0  0  0  0  0  0  0
  0  0  0  0  0  0  0  0  0  0  0  0  0  0  0  0
  0  0 -1  1  0  0  1 -1  0  0  0  0  1 -1  0  0
  0  0  0  0  0  0  0  0  0  0  0  0  0  0  0  0
  0.069694679261   2.104303336550

  11   16    5   13 
 0132 1230 2031 1230
   0    0    0    0 
  0  0  0  0  0  0  1 -1  0  0  0  0 -1  1  0  0
  0  0  0  0  0  0  0  0  0  0  0  0  0  0  0  0
  0 -1  0  1  0  0  8 -8  0  0  0  0 -8  8  0  0
  0  0  0  0  0  0  0  0  0  0  0  0  0  0  0  0
  0.538255706733   0.792855839278

  10    8   15    9 
 0132 2031 3012 3120
   0    0    0    0 
  0  1 -1  0  0  0  0  0  0  0  0  0  0  0  0  0
  0  0  0  0  0  0  0  0  0  0  0  0  0  0  0  0
  0  8 -8  0 -1  0  1  0  0 -1  0  1  0  0  0  0
  0  0  0  0  0  0  0  0  0  0  0  0  0  0  0  0
 -0.010639264283   1.370768960674

