% Triangulation
newlinks/L111344
geometric_solution  16.73216092
oriented_manifold
CS_unknown

1 0
    torus   0.000000000000   0.000000000000

18
  12    3    3    1 
 2031 1023 0213 0132
   0    0    0    0 
  0 -1  0  1  0  0  0  0  0  0  0  0  0  0  0  0
  0  0  0  0  0  0  0  0  0  0  0  0  0  0  0  0
  0  7  0 -7  0  0  0  0  0  0  0  0  1  0 -1  0
  0  0  0  0  0  0  0  0  0  0  0  0  0  0  0  0
  0.307914122932   0.975431469225

  15   17    0   15 
 1230 0132 0132 0132
   0    0    0    0 
  0  0 -1  1  0  0  0  0  0  0  0  0 -1  1  0  0
  0  0  0  0  0  0  0  0  0  0  0  0  0  0  0  0
  0  0  7 -7  0  0  0  0  0 -1  0  1  7 -7  0  0
  0  0  0  0  0  0  0  0  0  0  0  0  0  0  0  0
  0.307914122932   0.975431469225

  16    3   16    8 
 1302 0213 0132 1302
   0    0    0    0 
  0  0  0  0  0  0  0  0  0  1  0 -1  0  0  0  0
  0  0  0  0  0  0  0  0  0  0  0  0  0  0  0  0
  0  0  0  0  0  0  0  0  0 -7  0  7 -1  1  0  0
  0  0  0  0  0  0  0  0  0  0  0  0  0  0  0  0
  0.530897645983   1.343364560029

   0    0    2    4 
 1023 0213 0213 0132
   0    0    0    0 
  0  0  0  0  1  0 -1  0  0  0  0  0  0  0  0  0
  0  0  0  0  0  0  0  0  0  0  0  0  0  0  0  0
  0  0  0  0 -7  0  7  0  0  0  0  0  0  1 -1  0
  0  0  0  0  0  0  0  0  0  0  0  0  0  0  0  0
  0.705705153405   0.932287391906

   8   15    3    5 
 0132 0321 0132 0132
   0    0    0    0 
  0  0  0  0 -1  0  0  1  0  0  0  0  0  0  0  0
  0  0  0  0  0  0  0  0  0  0  0  0  0  0  0  0
  0  0  0  0  8  0  0 -8  1  0  0 -1  0  0  0  0
  0  0  0  0  0  0  0  0  0  0  0  0  0  0  0  0
  0.568291162134   0.708646923337

  16   10    4    9 
 2031 2031 0132 1023
   0    0    0    0 
  0 -1  0  1  0  0 -1  1  0  0  0  0  0  0  0  0
  0  0  0  0  0  0  0  0  0  0  0  0  0  0  0  0
  0  8  0 -8  0  0  8 -8  0  0  0  0  0 -1  1  0
  0  0  0  0  0  0  0  0  0  0  0  0  0  0  0  0
  0.678303309112   1.342572359231

  14   17    7   10 
 0321 0213 0132 2031
   0    0    0    0 
  0  0  0  0 -1  0  0  1  0  0  0  0  0  0  0  0
  0  0  0  0  0  0  0  0  0  0  0  0  0  0  0  0
  0  0  0  0  8  0 -1 -7  1  0  0 -1  0  0  0  0
  0  0  0  0  0  0  0  0  0  0  0  0  0  0  0  0
  0.000667821153   1.283766866854

  11   17   13    6 
 0132 2031 3201 0132
   0    0    0    0 
  0  0  0  0  0  0  0  0  0  0  0  0  0  0  0  0
  0  0  0  0  0  0  0  0  0  0  0  0  0  0  0  0
  0  0  0  0 -1  0  0  1 -1  1  0  0  0  0  0  0
  0  0  0  0  0  0  0  0  0  0  0  0  0  0  0  0
 -0.212518060975   0.560900813714

   4   10    2    9 
 0132 0213 2031 0132
   0    0    0    0 
  0 -1  1  0  1  0  0 -1  0  0  0  0  0  0  0  0
  0  0  0  0  0  0  0  0  0  0  0  0  0  0  0  0
  0  7 -7  0 -8  0  0  8  0  1  0 -1 -1  1  0  0
  0  0  0  0  0  0  0  0  0  0  0  0  0  0  0  0
  0.678303309112   1.342572359231

  17   14    8    5 
 3012 3120 0132 1023
   0    0    0    0 
  0  1  0 -1  0  0  1 -1  0  0  0  0 -1  1  0  0
  0  0  0  0  0  0  0  0  0  0  0  0  0  0  0  0
  0 -8  0  8  0  0 -8  8  0  0  0  0  7 -8  1  0
  0  0  0  0  0  0  0  0  0  0  0  0  0  0  0  0
  0.307527102402   0.505975957862

   5    6    8   13 
 1302 1302 0213 2031
   0    0    0    0 
  0 -1  1  0  0  0  0  0  1  0  0 -1  0  0  0  0
  0  0  0  0  0  0  0  0  0  0  0  0  0  0  0  0
  0  7 -7  0  1  0 -1  0 -8  0  0  8  0  1 -1  0
  0  0  0  0  0  0  0  0  0  0  0  0  0  0  0  0
  0.122816255018   1.443235025864

   7   14   12   12 
 0132 0321 0132 3120
   0    0    0    0 
  0  0 -1  1  0  0  0  0  0  0  0  0  0  0  0  0
  0  0  0  0  0  0  0  0  0  0  0  0  0  0  0  0
  0  0  8 -8  1  0  0 -1  0 -1  0  1  1  0 -1  0
  0  0  0  0  0  0  0  0  0  0  0  0  0  0  0  0
  0.617084021491   0.523011540263

  11   13    0   11 
 3120 0213 1302 0132
   0    0    0    0 
  0 -1  0  1  0  0  0  0  0  0  0  0 -1  1  0  0
  0  0  0  0  0  0  0  0  0  0  0  0  0  0  0  0
  0  8  0 -8  1  0 -1  0 -1  0  0  1  8 -8  0  0
  0  0  0  0  0  0  0  0  0  0  0  0  0  0  0  0
  0.911345124663   1.244774426017

   7   10   12   14 
 2310 1302 0213 0132
   0    0    0    0 
  0  0  1 -1  0  0  0  0  0  0  0  0  0  1 -1  0
  0  0  0  0  0  0  0  0  0  0  0  0  0  0  0  0
  0  0 -8  8  0  0  0  0  0  0  0  0  0 -8  8  0
  0  0  0  0  0  0  0  0  0  0  0  0  0  0  0  0
 -0.402319739038   2.156109185265

   6    9   13   11 
 0321 3120 0132 0321
   0    0    0    0 
  0 -1  1  0  0  0  0  0  0  0  0  0  1 -1  0  0
  0  0  0  0  0  0  0  0  0  0  0  0  0  0  0  0
  0  8 -8  0  0  0  0  0 -1  0  0  1 -8  8  0  0
  0  0  0  0  0  0  0  0  0  0  0  0  0  0  0  0
  0.030004429216   0.709394645255

  16    1    1    4 
 0132 3012 0132 0321
   0    0    0    0 
  0  1 -1  0  0  0  0  0  0  0  0  0  0  0  0  0
  0  0  0  0  0  0  0  0  0  0  0  0  0  0  0  0
  0 -7  7  0  0  0  0  0  0  0  0  0  1  0 -1  0
  0  0  0  0  0  0  0  0  0  0  0  0  0  0  0  0
  0.307914122932   0.975431469225

  15    2    5    2 
 0132 2031 1302 0132
   0    0    0    0 
  0  0  0  0  0  0  0  0  0  0  0  0  0  0  0  0
  0  0  0  0  0  0  0  0  0  0  0  0  0  0  0  0
  0  0  0  0  0  0  0  0 -1  1  0  0  0  0  0  0
  0  0  0  0  0  0  0  0  0  0  0  0  0  0  0  0
  0.530897645983   1.343364560029

   7    1    6    9 
 1302 0132 0213 1230
   0    0    0    0 
  0  0  0  0  0  0  0  0  0 -1  0  1  0  0  0  0
  0  0  0  0  0  0  0  0  0  0  0  0  0  0  0  0
  0  0  0  0  0  0  0  0  0  7  0 -7 -1  1  0  0
  0  0  0  0  0  0  0  0  0  0  0  0  0  0  0  0
  0.517356126939   0.937239626436

