% Triangulation
newlinks/L111205
geometric_solution  11.96038165
oriented_manifold
CS_unknown

1 0
    torus   0.000000000000  -0.000000000000

13
   2   12    9   11 
 0213 0321 1302 0132
   0    0    0    0 
  0  0  0  0  0  0  0  0  0  0  0  0  1  0 -1  0
  0  0  0  0  0  0  0  0  0  0  0  0  0  0  0  0
  0  0  0  0  0  0  0  0  1  0  0 -1 -13  0 13  0
  0  0  0  0  0  0  0  0  0  0  0  0  0  0  0  0
  0.961274365300   0.877469966508

   2   10   12    9 
 1230 3012 0213 0321
   0    0    0    0 
  0  0  0  0  0  0  0  0 -1  1  0  0  0  0  0  0
  0  0  0  0  0  0  0  0  0  0  0  0  0  0  0  0
  0  0  0  0  0  0  0  0 14 -14  0  0  0  0  0  0
  0  0  0  0  0  0  0  0  0  0  0  0  0  0  0  0
  0.475033738887   0.947354257407

   0    1    3    5 
 0213 3012 0132 0321
   0    0    0    0 
  0  0  0  0  0  0  0  0  0  0  0  0 -1  1  0  0
  0  0  0  0  0  0  0  0  0  0  0  0  0  0  0  0
  0  0  0  0 -1  0  1  0  0  0  0  0 13 -14  1  0
  0  0  0  0  0  0  0  0  0  0  0  0  0  0  0  0
 -0.293420128453   0.879393094640

   5   11    4    2 
 0321 2310 0213 0132
   0    0    0    0 
  0  0  0  0  0  0  0  0  0  0  0  0 -1  0  1  0
  0  0  0  0  0  0  0  0  0  0  0  0  0  0  0  0
  0  0  0  0  0  0  1 -1  1  0  0 -1 14 -1 -13  0
  0  0  0  0  0  0  0  0  0  0  0  0  0  0  0  0
  0.192820497960   0.809508803741

   8    3   10    5 
 0321 0213 3120 0132
   0    0    0    0 
  0  0  0  0  0  0 -1  1  0  0  0  0  1 -1  0  0
  0  0  0  0  0  0  0  0  0  0  0  0  0  0  0  0
  0  0  0  0  0  0 14 -14  1 -1  0  0 -13 13  0  0
  0  0  0  0  0  0  0  0  0  0  0  0  0  0  0  0
  0.961274365300   0.877469966508

   3    2    4    6 
 0321 0321 0132 1230
   0    0    0    0 
  0  0  0  0  1  0 -1  0  0  0  0  0  0  0  0  0
  0  0  0  0  0  0  0  0  0  0  0  0  0  0  0  0
  0  0  0  0 -14  0 14  0 -1  0  0  1  0  0  0  0
  0  0  0  0  0  0  0  0  0  0  0  0  0  0  0  0
  0.432542349367   0.517986397713

   5    9   11    7 
 3012 0213 0213 0132
   0    0    0    0 
  0  0  0  0  0  0  0  0  0  0  0  0  0  0  0  0
  0  0  0  0  0  0  0  0  0  0  0  0  0  0  0  0
  0 -1  1  0  0  0 -1  1  0  0  0  0 -1  0  1  0
  0  0  0  0  0  0  0  0  0  0  0  0  0  0  0  0
  0.721552513893   1.168992372535

   8    8    6   10 
 1023 0321 0132 0321
   0    0    0    0 
  0  0  0  0  0  0  0  0  0  0  0  0  1 -1  0  0
  0  0  0  0  0  0  0  0  0  0  0  0  0  0  0  0
  0  0  0  0  1  0 -1  0  0 -1  0  1 -13 13  0  0
  0  0  0  0  0  0  0  0  0  0  0  0  0  0  0  0
  0.432542349367   0.517986397713

   4    7    9    7 
 0321 1023 0132 0321
   0    0    0    0 
  0  0  0  0 -1  0  0  1  0  0  0  0  0 -1  1  0
  0  0  0  0  0  0  0  0  0  0  0  0  0  0  0  0
  0 -1  1  0 13  0  0 -13 -1  0  0  1  0 13 -13  0
  0  0  0  0  0  0  0  0  0  0  0  0  0  0  0  0
  0.050198293107   1.137424729431

   0    1    6    8 
 2031 0321 0213 0132
   0    0    0    0 
  0  0  0  0  0  0  0  0  1  0  0 -1  0  0  0  0
  0  0  0  0  0  0  0  0  0  0  0  0  0  0  0  0
  0  0  1 -1  0  0  0  0 -13  0  0 13  0  0  0  0
  0  0  0  0  0  0  0  0  0  0  0  0  0  0  0  0
 -0.293420128453   0.879393094640

   1    7    4   12 
 1230 0321 3120 0132
   0    0    0    0 
  0  0  0  0 -1  0  1  0  0  0  0  0  0  0  0  0
  0  0  0  0  0  0  0  0  0  0  0  0  0  0  0  0
  0  0  0  0 14  0 -14  0  0 -1  0  1  0  0  0  0
  0  0  0  0  0  0  0  0  0  0  0  0  0  0  0  0
  0.432542349367   0.517986397713

  12    6    0    3 
 0132 0213 0132 3201
   0    0    0    0 
  0  0  0  0  0  0  0  0  0  0  0  0  0  0  0  0
  0  0  0  0  0  0  0  0  0  0  0  0  0  0  0  0
  0 -1  0  1  0  0  0  0 -1  1  0  0  0 -1  1  0
  0  0  0  0  0  0  0  0  0  0  0  0  0  0  0  0
  0.447514991713   0.807585675608

  11    1   10    0 
 0132 0213 0132 0321
   0    0    0    0 
  0  0  0  0  0  0  0  0  0  0  0  0  0  0  0  0
  0  0  0  0  0  0  0  0  0  0  0  0  0  0  0  0
  0  0  0  0  0  0  0  0  0  0  0  0  1  0 -1  0
  0  0  0  0  0  0  0  0  0  0  0  0  0  0  0  0
  0.154094863259   1.686978770249

