% Triangulation
newlinks/L111417
geometric_solution  13.10687612
oriented_manifold
CS_unknown

1 0
    torus   0.000000000000   0.000000000000

14
   2    2    9   13 
 2103 1023 1023 0321
   0    0    0    0 
  0  0  0  0  0  0  0  0  0  0  0  0  0  0  0  0
  0  0  0  0  0  0  0  0  0  0  0  0  0  0  0  0
  0  0  0  0  0  0 -1  1  0  0  0  0  0 -1  1  0
  0  0  0  0  0  0  0  0  0  0  0  0  0  0  0  0
  0.861662276227   1.363997252949

  10    4    2   12 
 3012 1023 0132 1302
   0    0    0    0 
  0 -1  1  0  0  0  0  0  0  0  0  0  1 -1  0  0
  0  0  0  0  0  0  0  0  0  0  0  0  0  0  0  0
  0  1  0 -1  0  0  0  0  0  0  0  0 -1  1  0  0
  0  0  0  0  0  0  0  0  0  0  0  0  0  0  0  0
  0.630974124990   0.776395057081

   0    3    0    1 
 1023 1023 2103 0132
   0    0    0    0 
  0  1  0 -1  0  0  0  0  0  0  0  0  0  0  0  0
  0  0  0  0  0  0  0  0  0  0  0  0  0  0  0  0
  0  0  0  0  0  0  0  0  0  0  0  0  1 -1  0  0
  0  0  0  0  0  0  0  0  0  0  0  0  0  0  0  0
  0.668967076201   0.524019689796

   2    7    6   10 
 1023 3012 2103 1230
   0    0    0    0 
  0  0  0  0 -1  0  1  0  0  0  0  0  0 -1  1  0
  0  0  0  0  0  0  0  0  0  0  0  0  0  0  0  0
  0  0  0  0  0  0  0  0  0  0  0  0  1  0 -1  0
  0  0  0  0  0  0  0  0  0  0  0  0  0  0  0  0
  0.435628989719   0.752043474632

   1    6   13    8 
 1023 0321 3201 2031
   0    0    0    0 
  0  0  0  0  1  0 -1  0  0  0  0  0  1  0 -1  0
  0  0  0  0  0  0  0  0  0  0  0  0  0  0  0  0
  0  1 -1  0 -1  0  1  0  0  0  0  0 -1  0  1  0
  0  0  0  0  0  0  0  0  0  0  0  0  0  0  0  0
  0.451219130743   1.055173428995

   9    8    7   11 
 0132 2031 0321 1023
   0    0    0    0 
  0  0  0  0  0  0  0  0  0  0  0  0  0  1 -1  0
  0  0  0  0  0  0  0  0  0  0  0  0  0  0  0  0
  0  0  0  0  0  0 -1  1 -1  1  0  0  0  0  0  0
  0  0  0  0  0  0  0  0  0  0  0  0  0  0  0  0
  1.123906481048   1.247296640756

   3   11    7    4 
 2103 1023 0132 0321
   0    0    0    0 
  0  0  0  0 -1  0  1  0  0  0  0  0 -1  1  0  0
  0  0  0  0  0  0  0  0  0  0  0  0  0  0  0  0
  0  1  0 -1  0  0  0  0  0  0  0  0  1 -1  0  0
  0  0  0  0  0  0  0  0  0  0  0  0  0  0  0  0
  0.406162123805   0.351479756878

   3    8    5    6 
 1230 0213 0321 0132
   0    0    0    0 
  0  0  0  0  0  0  1 -1  1 -1  0  0  0  0  0  0
  0  0  0  0  0  0  0  0  0  0  0  0  0  0  0  0
  0  0  0  0  0  0  0  0  0  0  0  0  0 -1  1  0
  0  0  0  0  0  0  0  0  0  0  0  0  0  0  0  0
  1.123906481048   1.247296640756

   5    4    7   12 
 1302 1302 0213 1230
   0    0    0    0 
  0  0  0  0 -1  0  1  0  0  0  0  0  0  0  0  0
  0  0  0  0  0  0  0  0  0  0  0  0  0  0  0  0
  0  0  0  0  0  0  0  0  0  0  0  0 -1  0  1  0
  0  0  0  0  0  0  0  0  0  0  0  0  0  0  0  0
  0.367541967229   0.711399429407

   5   11    0   10 
 0132 0132 1023 0132
   0    0    0    0 
  0  0  0  0  0  0  0  0  0  0  0  0  0  0  0  0
  0  0  0  0  0  0  0  0  0  0  0  0  0  0  0  0
  0 -1  1  0  0  0  0  0  0  0  0  0  1  0 -1  0
  0  0  0  0  0  0  0  0  0  0  0  0  0  0  0  0
  0.423269211602   0.995633064533

   3   13    9    1 
 3012 0321 0132 1230
   0    0    0    0 
  0  0  0  0  0  0  0  0  0  1  0 -1  0  0  0  0
  0  0  0  0  0  0  0  0  0  0  0  0  0  0  0  0
  0  0  0  0  0  0  0  0  0 -1  0  1  0  0  0  0
  0  0  0  0  0  0  0  0  0  0  0  0  0  0  0  0
  0.666745137455   0.638176118065

   6    9   12    5 
 1023 0132 0132 1023
   0    0    0    0 
  0  0  0  0  0  0  0  0  0  0  0  0 -1  0  1  0
  0  0  0  0  0  0  0  0  0  0  0  0  0  0  0  0
  0  1  0 -1 -1  0  1  0  0  0  0  0  1  0 -1  0
  0  0  0  0  0  0  0  0  0  0  0  0  0  0  0  0
  0.406162123805   0.351479756878

   8   13    1   11 
 3012 0213 2031 0132
   0    0    0    0 
  0  0  0  0  0  0  0  0  0  1  0 -1  0  0  0  0
  0  0  0  0  0  0  0  0  0  0  0  0  0  0  0  0
  0  0  0  0  0  0  1 -1  0 -1  0  1  0  0  0  0
  0  0  0  0  0  0  0  0  0  0  0  0  0  0  0  0
  0.657385975537   0.801200991677

   4    0   12   10 
 2310 0321 0213 0321
   0    0    0    0 
  0  0  0  0  1  0 -1  0  1  0  0 -1  0  0  0  0
  0  0  0  0  0  0  0  0  0  0  0  0  0  0  0  0
  0  0  0  0 -1  0  1  0 -1  0  0  1  1 -1  0  0
  0  0  0  0  0  0  0  0  0  0  0  0  0  0  0  0
  0.630974124990   0.776395057081

