% Triangulation
newlinks/L111153
geometric_solution  9.50421539
oriented_manifold
CS_unknown

1 0
    torus   0.000000000000   0.000000000000

11
   2    1    1   10 
 0132 3012 0321 0132
   0    0    0    0 
  0  0  0  0  1  0 -1  0  1  0  0 -1  0  0  0  0
  0  0  0  0  0  0  0  0  0  0  0  0  0  0  0  0
  0  0  0  0 -1  0  1  0 -1 -1  0  2  0 -1  1  0
  0  0  0  0  0  0  0  0  0  0  0  0  0  0  0  0
  0.326083287863   0.772859186264

   0    8    0    6 
 1230 3120 0321 0213
   0    0    0    0 
  0  0  0  0  0  0  0  0  0  0  0  0  0 -1  1  0
  0  0  0  0  0  0  0  0  0  0  0  0  0  0  0  0
  0  0  0  0  1  0 -1  0  1  0  0 -1  0  1 -1  0
  0  0  0  0  0  0  0  0  0  0  0  0  0  0  0  0
 -0.238787889162   0.987783242192

   0    7    5    8 
 0132 0213 3201 3120
   0    0    0    0 
  0  1 -1  0 -1  0  1  0  0  0  0  0 -1  0  1  0
  0  0  0  0  0  0  0  0  0  0  0  0  0  0  0  0
  0 -1  1  0  1  0 -1  0  0  0  0  0  1  0 -1  0
  0  0  0  0  0  0  0  0  0  0  0  0  0  0  0  0
  1.098928839788   0.538682833094

   5    4    4    5 
 1302 3012 0132 0132
   0    0    0    0 
  0  0 -1  1  1  0  0 -1 -1  1  0  0  0  0  0  0
  0  0  0  0  0  0  0  0  0  0  0  0  0  0  0  0
  0  0  2 -2 -1  0  0  1  2 -2  0  0 -1  0  1  0
  0  0  0  0  0  0  0  0  0  0  0  0  0  0  0  0
  0.215871080790   0.701526561581

   3   10    9    3 
 1230 0321 2310 0132
   0    0    0    0 
  0 -1  0  1 -1  0  1  0  0  0  0  0  0  0  0  0
  0  0  0  0  0  0  0  0  0  0  0  0  0  0  0  0
  0  2  0 -2  2  0 -2  0  0  1  0 -1  0  0  0  0
  0  0  0  0  0  0  0  0  0  0  0  0  0  0  0  0
  0.215871080790   0.701526561581

   2    3    3    9 
 2310 2031 0132 2310
   0    0    0    0 
  0  1 -1  0 -1  0  1  0 -1  0  0  1  1 -1  0  0
  0  0  0  0  0  0  0  0  0  0  0  0  0  0  0  0
  0 -2  2  0  1  0 -1  0  1  1  0 -2 -1  1  0  0
  0  0  0  0  0  0  0  0  0  0  0  0  0  0  0  0
  0.215871080790   0.701526561581

  10    8    7    1 
 1230 0321 0132 0213
   0    0    0    0 
  0  1 -1  0  0  0  0  0  0  0  0  0  1 -1  0  0
  0  0  0  0  0  0  0  0  0  0  0  0  0  0  0  0
  0 -1  1  0 -1  0  0  1  0  0  0  0 -2  2  0  0
  0  0  0  0  0  0  0  0  0  0  0  0  0  0  0  0
  0.451245992472   0.965179022096

  10    9    2    6 
 0213 0213 0213 0132
   0    0    0    0 
  0  0 -1  1  0  0  0  0  0  0  0  0  1 -1  0  0
  0  0  0  0  0  0  0  0  0  0  0  0  0  0  0  0
  0  0  1 -1  0  0  0  0  0  0  0  0 -2  2  0  0
  0  0  0  0  0  0  0  0  0  0  0  0  0  0  0  0
  0.607734904686   1.373824883817

   2    1    9    6 
 3120 3120 0132 0321
   0    0    0    0 
  0  1  0 -1  0  0 -1  1  0  0  0  0  0  0  0  0
  0  0  0  0  0  0  0  0  0  0  0  0  0  0  0  0
  0 -1  0  1  0  0  2 -2  0  0  0  0  0  0  0  0
  0  0  0  0  0  0  0  0  0  0  0  0  0  0  0  0
  0.000512694795   0.542156046136

   5    4    7    8 
 3201 3201 0213 0132
   0    0    0    0 
  0  0  0  0 -1  0  0  1  0  0  0  0  0 -1  1  0
  0  0  0  0  0  0  0  0  0  0  0  0  0  0  0  0
  0  0  0  0  2  0  0 -2  0  0  0  0  0  2 -2  0
  0  0  0  0  0  0  0  0  0  0  0  0  0  0  0  0
 -1.973958489106   1.580763858064

   7    6    0    4 
 0213 3012 0132 0321
   0    0    0    0 
  0 -1  0  1  0  0  0  0  0  0  0  0 -1  0  1  0
  0  0  0  0  0  0  0  0  0  0  0  0  0  0  0  0
  0  2  0 -2  0  0  0  0  0  1  0 -1  2  0 -2  0
  0  0  0  0  0  0  0  0  0  0  0  0  0  0  0  0
 -0.151368976933   0.843124636623

