% Triangulation
newlinks/L111365
geometric_solution  16.14429937
oriented_manifold
CS_unknown

1 0
    torus   0.000000000000  -0.000000000000

17
  14    4    6   14 
 1230 2031 0132 0132
   0    0    0    0 
  0 -1  1  0  1  0  0 -1  0  0  0  0  0  0  0  0
  0  0  0  0  0  0  0  0  0  0  0  0  0  0  0  0
  0  3 -3  0 -4  0  0  4  0 -1  0  1  1  0 -1  0
  0  0  0  0  0  0  0  0  0  0  0  0  0  0  0  0
  0.361519007655   0.907278942532

   4   15   11    7 
 3120 2103 1023 0213
   0    0    0    0 
  0  0  0  0  0  0  0  0  1 -1  0  0  0  0  0  0
  0  0  0  0  0  0  0  0  0  0  0  0  0  0  0  0
  0 -1  0  1  0  0 -1  1 -3  3  0  0  0  0  0  0
  0  0  0  0  0  0  0  0  0  0  0  0  0  0  0  0
  0.235897487055   0.969767563806

   3    3   13   10 
 1023 0321 0213 1023
   0    0    0    0 
  0  0  0  0  0  0  0  0  0  0  0  0 -1  1  0  0
  0  0  0  0  0  0  0  0  0  0  0  0  0  0  0  0
  0  0  0  0  0  0  0  0  0 -1  0  1  3 -3  0  0
  0  0  0  0  0  0  0  0  0  0  0  0  0  0  0  0
  0.528975452218   0.569774532282

  14    2   12    2 
 0132 1023 0213 0321
   0    0    0    0 
  0  0  0  0  0  0  1 -1  0  0  0  0  0  1 -1  0
  0  0  0  0  0  0  0  0  0  0  0  0  0  0  0  0
  0  0  0  0  0  0 -3  3 -1  0  0  1  0 -3  3  0
  0  0  0  0  0  0  0  0  0  0  0  0  0  0  0  0
  0.124876482136   0.942620476980

   0    6   13    1 
 1302 1023 3201 3120
   0    0    0    0 
  0  0  0  0  0  0  0  0  1  0  0 -1  0 -1  1  0
  0  0  0  0  0  0  0  0  0  0  0  0  0  0  0  0
  0  0  0  0  0  0  0  0 -3  0  0  3  1  3 -4  0
  0  0  0  0  0  0  0  0  0  0  0  0  0  0  0  0
  0.524216211918   0.322389854020

   9   12   16    6 
 0213 3012 0132 0132
   0    0    0    0 
  0  1  0 -1  0  0  0  0  0 -1  0  1  1 -1  0  0
  0  0  0  0  0  0  0  0  0  0  0  0  0  0  0  0
  0 -3  0  3  0  0  0  0  0  3  0 -3 -3  3  0  0
  0  0  0  0  0  0  0  0  0  0  0  0  0  0  0  0
  0.513902048011   0.813539921815

   4    7    5    0 
 1023 1023 0132 0132
   0    0    0    0 
  0  0  1 -1  0  0  0  0  0  0  0  0  1  0 -1  0
  0  0  0  0  0  0  0  0  0  0  0  0  0  0  0  0
  0  0 -3  3  0  0  0  0  0 -1  0  1 -3  0  3  0
  0  0  0  0  0  0  0  0  0  0  0  0  0  0  0  0
  0.676192955989   0.481633741917

   6   13   11    1 
 1023 0321 1302 0213
   0    0    0    0 
  0  0  0  0  0  0  0  0  0  0  0  0  0  0  0  0
  0  0  0  0  0  0  0  0  0  0  0  0  0  0  0  0
  0  1  0 -1  0  0  0  0  1  0  0 -1  0  0  0  0
  0  0  0  0  0  0  0  0  0  0  0  0  0  0  0  0
  0.881217168535   0.413850476316

  16   10   10    9 
 0213 0132 1302 0132
   0    0    0    0 
  0  0  0  0  1  0  0 -1  0  0  0  0  0  0  0  0
  0  0  0  0  0  0  0  0  0  0  0  0  0  0  0  0
  0  0  0  0 -4  0  0  4  0  0  0  0  1 -1  0  0
  0  0  0  0  0  0  0  0  0  0  0  0  0  0  0  0
  0.919626298825   1.083030539303

   5   12    8   13 
 0213 0321 0132 0132
   0    0    0    0 
  0  0  0  0  0  0  1 -1  0  0  0  0 -1  1  0  0
  0  0  0  0  0  0  0  0  0  0  0  0  0  0  0  0
  0  1  0 -1  0  0 -4  4  0  0  0  0  3 -3  0  0
  0  0  0  0  0  0  0  0  0  0  0  0  0  0  0  0
  0.708596585636   0.652369144910

   8    8   11    2 
 2031 0132 0132 1023
   0    0    0    0 
  0  0  0  0  0  0  0  0  0  0  0  0  0  0  0  0
  0  0  0  0  0  0  0  0  0  0  0  0  0  0  0  0
  0  0  0  0  0  0  0  0  0  1  0 -1  0  0  0  0
  0  0  0  0  0  0  0  0  0  0  0  0  0  0  0  0
  0.544438983892   0.536507593998

   7   12    1   10 
 2031 0213 1023 0132
   0    0    0    0 
  0  0  0  0  0  0  0  0  0  0  0  0  0  0  0  0
  0  0  0  0  0  0  0  0  0  0  0  0  0  0  0  0
  0 -1  1  0  0  0  0  0  0  0  0  0  0  0  0  0
  0  0  0  0  0  0  0  0  0  0  0  0  0  0  0  0
  0.388397078444   0.759915678529

   5    3   11    9 
 1230 0213 0213 0321
   0    0    0    0 
  0  0  0  0  1  0  0 -1  1 -1  0  0 -1  1  0  0
  0  0  0  0  0  0  0  0  0  0  0  0  0  0  0  0
  0  0  1 -1 -3  0  0  3 -3  3  0  0  3 -3  0  0
  0  0  0  0  0  0  0  0  0  0  0  0  0  0  0  0
  0.633740029557   1.415501271667

   4    2    9    7 
 2310 0213 0132 0321
   0    0    0    0 
  0  0  0  0 -1  0  1  0  0  0  0  0  0  0  0  0
  0  0  0  0  0  0  0  0  0  0  0  0  0  0  0  0
  0  0  1 -1  4  0 -4  0  0  0  0  0  0  0  0  0
  0  0  0  0  0  0  0  0  0  0  0  0  0  0  0  0
  0.326569607517   0.963615031163

   3    0    0   15 
 0132 3012 0132 0132
   0    0    0    0 
  0  0  0  0  0  0  1 -1  0 -1  0  1  0  0  0  0
  0  0  0  0  0  0  0  0  0  0  0  0  0  0  0  0
  0 -1  0  1  0  0 -4  4  0  4  0 -4  1  0 -1  0
  0  0  0  0  0  0  0  0  0  0  0  0  0  0  0  0
  0.361519007655   0.907278942532

  16    1   14   16 
 1230 2103 0132 0132
   0    0    0    0 
  0  1  0 -1 -1  0  1  0  0  0  0  0  1  0 -1  0
  0  0  0  0  0  0  0  0  0  0  0  0  0  0  0  0
  0 -3 -1  4  4  0 -4  0 -1  1  0  0 -4  0  4  0
  0  0  0  0  0  0  0  0  0  0  0  0  0  0  0  0
  0.481696837861   1.039387313167

   8   15   15    5 
 0213 3012 0132 0132
   0    0    0    0 
  0 -1  1  0  0  0  0  0 -1  1  0  0  0  0  0  0
  0  0  0  0  0  0  0  0  0  0  0  0  0  0  0  0
  0  4 -4  0  0  0  0  0  4 -4  0  0 -1  1  0  0
  0  0  0  0  0  0  0  0  0  0  0  0  0  0  0  0
  0.481696837861   1.039387313167

