% Triangulation
newlinks/L111132
geometric_solution  13.79681154
oriented_manifold
CS_unknown

1 0
    torus   0.000000000000  -0.000000000000

15
   1    6    2    1 
 1230 0132 0213 0132
   0    0    0    0 
  0  0  0  0 -1  0  0  1  0  0  0  0  0 -1  1  0
  0  0  0  0  0  0  0  0  0  0  0  0  0  0  0  0
  0 -1  1  0 11  0  0 -11  0 -1  0  1  0 11 -11  0
  0  0  0  0  0  0  0  0  0  0  0  0  0  0  0  0
  0.856007533110   1.032236270207

  11    0    0   10 
 2103 3012 0132 2031
   0    0    0    0 
  0  0  0  0  0  0 -1  1 -1  1  0  0  0  0  0  0
  0  0  0  0  0  0  0  0  0  0  0  0  0  0  0  0
  0  0  0  0  0  0 11 -11 11 -11  0  0  1  0 -1  0
  0  0  0  0  0  0  0  0  0  0  0  0  0  0  0  0
  0.856007533110   1.032236270207

  10    0    5   13 
 0132 0213 1230 0132
   0    0    0    0 
  0  0  0  0  0  0  0  0  0  0  0  0  0 -1  1  0
  0  0  0  0  0  0  0  0  0  0  0  0  0  0  0  0
  0 -1  0  1  0  0  0  0  0  0  0  0  0 11 -11  0
  0  0  0  0  0  0  0  0  0  0  0  0  0  0  0  0
  0.172544575681   0.838178977982

  13   13    4    8 
 3012 0132 1302 2103
   0    0    0    0 
  0  0  0  0  0  0  0  0  0  0  0  0  0  0  0  0
  0  0  0  0  0  0  0  0  0  0  0  0  0  0  0  0
  0  0  0  0 -1  0  1  0  0  0  0  0 -1  0  1  0
  0  0  0  0  0  0  0  0  0  0  0  0  0  0  0  0
  0.465091447827   0.912570706112

   3    6    7    6 
 2031 2031 2103 0132
   0    0    0    0 
  0  0  0  0  0  0  0  0  0  0  0  0  0  0  0  0
  0  0  0  0  0  0  0  0  0  0  0  0  0  0  0  0
  0  0 -1  1  0  0  0  0 -1  0  0  1 -1  0  1  0
  0  0  0  0  0  0  0  0  0  0  0  0  0  0  0  0
  0.088431780588   1.273211183270

   7    6    8    2 
 2103 0321 3201 3012
   0    0    0    0 
  0  0  1 -1  0  0  0  0 -1  1  0  0  0  0  0  0
  0  0  0  0  0  0  0  0  0  0  0  0  0  0  0  0
  0  0 -11 11  0  0  0  0 11 -11  0  0  0  0  0  0
  0  0  0  0  0  0  0  0  0  0  0  0  0  0  0  0
  0.612071067330   0.453786322853

   4    0    4    5 
 1302 0132 0132 0321
   0    0    0    0 
  0  0  0  0  0  0  0  0  0  1  0 -1  0  0  0  0
  0  0  0  0  0  0  0  0  0  0  0  0  0  0  0  0
  0  1 -1  0  0  0  0  0  0 -11  0 11  0  1 -1  0
  0  0  0  0  0  0  0  0  0  0  0  0  0  0  0  0
  0.088431780588   1.273211183270

   4    9    5    8 
 2103 0213 2103 0132
   0    0    0    0 
  0  0  1 -1  0  0  0  0  0  1  0 -1  0  0  0  0
  0  0  0  0  0  0  0  0  0  0  0  0  0  0  0  0
  0  0 -11 11  0  0  0  0  1 -12  0 11 -1  1  0  0
  0  0  0  0  0  0  0  0  0  0  0  0  0  0  0  0
  1.378110974659   0.785599878143

   5   10    7    3 
 2310 0321 0132 2103
   0    0    0    0 
  0 -1  1  0  0  0  0  0  0  0  0  0 -1  0  1  0
  0  0  0  0  0  0  0  0  0  0  0  0  0  0  0  0
  0 11 -11  0  0  0  0  0  0  0  0  0 11  0 -11  0
  0  0  0  0  0  0  0  0  0  0  0  0  0  0  0  0
  0.642508032202   0.603531050214

  12   12    7   10 
 2031 0321 0213 0132
   0    0    0    0 
  0  0  0  0  1  0 -1  0  0  0  0  0  0  0  0  0
  0  0  0  0  0  0  0  0  0  0  0  0  0  0  0  0
  0  0  0  0 -12  0 12  0  0  0  0  0  1  0 -1  0
  0  0  0  0  0  0  0  0  0  0  0  0  0  0  0  0
  0.562267446360   0.654903748747

   2    1    9    8 
 0132 1302 0132 0321
   0    0    0    0 
  0 -1  0  1  0  0  0  0  0  0  0  0  0  0  0  0
  0  0  0  0  0  0  0  0  0  0  0  0  0  0  0  0
  0 11  0 -11  0  0  0  0  0  0  0  0  0  0  0  0
  0  0  0  0  0  0  0  0  0  0  0  0  0  0  0  0
 -0.586406929175   1.125769766394

  14   12    1   14 
 3120 3012 2103 0321
   0    0    0    0 
  0 -1  1  0  1  0  0 -1  0  0  0  0  0  0  0  0
  0  0  0  0  0  0  0  0  0  0  0  0  0  0  0  0
  0 12 -11 -1 -12  0  0 12  1 -1  0  0  1  0 -1  0
  0  0  0  0  0  0  0  0  0  0  0  0  0  0  0  0
  0.045426767717   0.720350102290

  11   14    9    9 
 1230 3201 1302 0321
   0    0    0    0 
  0  1 -1  0  0  0  0  0  0  0  0  0  1 -1  0  0
  0  0  0  0  0  0  0  0  0  0  0  0  0  0  0  0
  0 -12 12  0  1  0 -1  0  0  0  0  0 -12 12  0  0
  0  0  0  0  0  0  0  0  0  0  0  0  0  0  0  0
  0.562267446360   0.654903748747

  14    3    2    3 
 0321 0132 0132 1230
   0    0    0    0 
  0  0  0  0  0  0  0  0  0  0  0  0  0  0  0  0
  0  0  0  0  0  0  0  0  0  0  0  0  0  0  0  0
  0  0 -1  1  0  0  0  0 -1  0  0  1  0  0  0  0
  0  0  0  0  0  0  0  0  0  0  0  0  0  0  0  0
  0.556673806156   0.869864409770

  13   11   12   11 
 0321 0321 2310 3120
   0    0    0    0 
  0  0  0  0  0  0  1 -1  0  0  0  0  0  1 -1  0
  0  0  0  0  0  0  0  0  0  0  0  0  0  0  0  0
  0  1  0 -1  0  0 -12 12  1  0  0 -1  0 -12 12  0
  0  0  0  0  0  0  0  0  0  0  0  0  0  0  0  0
  0.667480365140   0.503701060373

