% Triangulation
newlinks/L111156
geometric_solution  14.53360088
oriented_manifold
CS_unknown

1 0
    torus   0.000000000000  -0.000000000000

16
   1   13    1   12 
 1230 3012 0132 2310
   0    0    0    0 
  0  1 -1  0 -1  0  1  0  0  0  0  0  1 -1  0  0
  0  0  0  0  0  0  0  0  0  0  0  0  0  0  0  0
  0  4 -4  0 -3  0  3  0  1  0  0 -1  4 -4  0  0
  0  0  0  0  0  0  0  0  0  0  0  0  0  0  0  0
  0.214676300719   1.285596605240

   2    0    2    0 
 3012 3012 1302 0132
   0    0    0    0 
  0 -1  0  1  1  0  0 -1 -1  1  0  0  0  0  0  0
  0  0  0  0  0  0  0  0  0  0  0  0  0  0  0  0
  0 -4  0  4  3  0  0 -3 -3  3  0  0  0 -1  1  0
  0  0  0  0  0  0  0  0  0  0  0  0  0  0  0  0
  0.214676300719   1.285596605240

   1    9   12    1 
 2031 2031 0213 1230
   0    0    0    0 
  0  1  0 -1  0  0 -1  1  0  0  0  0  0  0  0  0
  0  0  0  0  0  0  0  0  0  0  0  0  0  0  0  0
  0  3  0 -3  0  0 -3  3 -1  1  0  0  0  0  0  0
  0  0  0  0  0  0  0  0  0  0  0  0  0  0  0  0
  0.873633934730   0.756747642772

   4   10    4    5 
 2103 0321 0132 1302
   0    0    0    0 
  0  0  0  0  0  0  0  0  0  0  0  0  0  0  0  0
  0  0  0  0  0  0  0  0  0  0  0  0  0  0  0  0
  0  0  0  0  1  0  0 -1  0  0  0  0  0  0  0  0
  0  0  0  0  0  0  0  0  0  0  0  0  0  0  0  0
  0.216742509175   0.491204970181

  14    7    3    3 
 2310 0132 2103 0132
   0    0    0    0 
  0  0  0  0  0  0  0  0  0  0  0  0  0  0  0  0
  0  0  0  0  0  0  0  0  0  0  0  0  0  0  0  0
  0  0  0  0  1  0 -1  0  0  0  0  0  0  0  0  0
  0  0  0  0  0  0  0  0  0  0  0  0  0  0  0  0
  0.916332180210   0.574660219058

   9    9    3    6 
 1023 0213 2031 0132
   0    0    0    0 
  0  0  0  0  0  0  0  0  0  0  0  0  0  0  0  0
  0  0  0  0  0  0  0  0  0  0  0  0  0  0  0  0
  0  0  0  0  0  0  0  0  0  0  0  0 -1  0  1  0
  0  0  0  0  0  0  0  0  0  0  0  0  0  0  0  0
  0.916570649300   0.866191067673

  15    7    5   10 
 3012 0321 0132 2310
   0    0    0    0 
  0  0  0  0  0  0  0  0  0 -1  0  1 -1  1  0  0
  0  0  0  0  0  0  0  0  0  0  0  0  0  0  0  0
  0  1  0 -1  0  0  0  0  0 -4  0  4 -4  4  0  0
  0  0  0  0  0  0  0  0  0  0  0  0  0  0  0  0
  0.759926072733   0.436039396491

  13    4    8    6 
 2031 0132 0132 0321
   0    0    0    0 
  0  0  0  0  0  0  1 -1 -1  0  0  1  0  0  0  0
  0  0  0  0  0  0  0  0  0  0  0  0  0  0  0  0
  0  0  1 -1  0  0  4 -4 -4  0  0  4  0  0  0  0
  0  0  0  0  0  0  0  0  0  0  0  0  0  0  0  0
  0.665881347499   0.606094858857

  11   10    9    7 
 2031 0213 0132 0132
   0    0    0    0 
  0  0  0  0  1  0  0 -1  1 -1  0  0  0  1 -1  0
  0  0  0  0  0  0  0  0  0  0  0  0  0  0  0  0
  0  1  0 -1  4  0  0 -4  4 -4  0  0  0  3 -3  0
  0  0  0  0  0  0  0  0  0  0  0  0  0  0  0  0
  0.746736633295   1.278139037568

   2    5    5    8 
 1302 1023 0213 0132
   0    0    0    0 
  0  0  0  0  0  0  0  0 -1  0  0  1  0  0  0  0
  0  0  0  0  0  0  0  0  0  0  0  0  0  0  0  0
  0  0  0  0  0  0  0  0 -3  0  0  3 -1  1  0  0
  0  0  0  0  0  0  0  0  0  0  0  0  0  0  0  0
  0.110174492835   1.143867964675

   6   15    8    3 
 3201 0132 0213 0321
   0    0    0    0 
  0  0  0  0 -1  0  1  0  0  0  0  0  0  1 -1  0
  0  0  0  0  0  0  0  0  0  0  0  0  0  0  0  0
  0  1 -1  0 -4  0  4  0  1 -1  0  0  0  3 -3  0
  0  0  0  0  0  0  0  0  0  0  0  0  0  0  0  0
  0.430023491287   0.376696906040

  14   12    8   13 
 3201 0321 1302 2031
   0    0    0    0 
  0  0 -1  1  0  0  0  0 -1  1  0  0  1  0 -1  0
  0  0  0  0  0  0  0  0  0  0  0  0  0  0  0  0
  0  0 -4  4  0  0  0  0 -3  3  0  0  3  1 -4  0
  0  0  0  0  0  0  0  0  0  0  0  0  0  0  0  0
  0.423662361360   0.572527231124

   0    2   13   11 
 3201 0213 0132 0321
   0    0    0    0 
  0  0  0  0  0  0  0  0  0  1  0 -1  0  0  0  0
  0  0  0  0  0  0  0  0  0  0  0  0  0  0  0  0
  0  0  0  0  1  0  0 -1  0  3  0 -3  0  0  0  0
  0  0  0  0  0  0  0  0  0  0  0  0  0  0  0  0
 -0.215079162885   0.397112291102

   0   11    7   12 
 1230 1302 1302 0132
   0    0    0    0 
  0  0  0  0  0  0  0  0  1 -1  0  0 -1  0  1  0
  0  0  0  0  0  0  0  0  0  0  0  0  0  0  0  0
  0  0  0  0  0  0  0  0  4 -4  0  0 -4  0  4  0
  0  0  0  0  0  0  0  0  0  0  0  0  0  0  0  0
  0.826137062851   1.283489868736

  15   15    4   11 
 2103 1023 3201 2310
   0    0    0    0 
  0 -1  0  1  1  0  0 -1  0  0  0  0  0  0  0  0
  0  0  0  0  0  0  0  0  0  0  0  0  0  0  0  0
  0 -3  0  3  3  0  0 -3 -1  1  0  0  1  0 -1  0
  0  0  0  0  0  0  0  0  0  0  0  0  0  0  0  0
  0.667915899122   0.735867534692

  14   10   14    6 
 1023 0132 2103 1230
   0    0    0    0 
  0  0  0  0  1  0 -1  0  0 -1  0  1  0  0  0  0
  0  0  0  0  0  0  0  0  0  0  0  0  0  0  0  0
  0 -1  1  0  3  0 -3  0 -1 -3  0  4  0  1 -1  0
  0  0  0  0  0  0  0  0  0  0  0  0  0  0  0  0
  0.323706636483   0.745097295623

