% Triangulation
newlinks/L111253
geometric_solution  11.54201858
oriented_manifold
CS_unknown

1 0
    torus   0.000000000000  -0.000000000000

13
   4    1    4    2 
 0213 3120 2310 2031
   0    0    0    0 
  0  0  1 -1 -1  0  0  1  0  0  0  0  1  0 -1  0
  0  0  0  0  0  0  0  0  0  0  0  0  0  0  0  0
  0  0 -21 21 21  0  0 -21  1  0  0 -1 -20  0 20  0
  0  0  0  0  0  0  0  0  0  0  0  0  0  0  0  0
  1.029863071837   0.965876873261

  12    0    7    2 
 1230 3120 1302 0132
   0    0    0    0 
  0  0  1 -1  0  0  0  0  0  0  0  0  0  0  0  0
  0  0  0  0  0  0  0  0  0  0  0  0  0  0  0  0
  0  0 -21 21 -1  0  0  1  0  0  0  0  0  0  0  0
  0  0  0  0  0  0  0  0  0  0  0  0  0  0  0  0
  0.029863071837   0.965876873261

  12    0    1    3 
 2103 1302 0132 0132
   0    0    0    0 
  0 -1  1  0  0  0  0  0  0  1  0 -1  0  0  0  0
  0  0  0  0  0  0  0  0  0  0  0  0  0  0  0  0
  0 21 -21  0  0  0 -1  1  1 -21  0 20 -1  1  0  0
  0  0  0  0  0  0  0  0  0  0  0  0  0  0  0  0
  0.029863071837   0.965876873261

   8    4    2   11 
 3012 0213 0132 2031
   0    0    0    0 
  0  0  0  0  0  0  0  0  0  0  0  0  0 -1  1  0
  0  0  0  0  0  0  0  0  0  0  0  0  0  0  0  0
  0  0  0  0  0  0 -1  1  0  0  0  0  0 20 -20  0
  0  0  0  0  0  0  0  0  0  0  0  0  0  0  0  0
  1.079052428736   0.895851943412

   0    0    3    8 
 0213 3201 0213 3120
   0    0    0    0 
  0  1  0 -1  0  0  0  0  1 -1  0  0 -1  0  1  0
  0  0  0  0  0  0  0  0  0  0  0  0  0  0  0  0
  0 -20  0 20 -1  0  0  1 -21 21  0  0 20  0 -20  0
  0  0  0  0  0  0  0  0  0  0  0  0  0  0  0  0
 -0.031979817993   1.034339895752

   9    6    6   10 
 2310 3012 0132 2310
   0    0    0    0 
  0  0  0  0  0  0  0  0  0 -1  0  1  0  0  0  0
  0  0  0  0  0  0  0  0  0  0  0  0  0  0  0  0
  0  0  0  0  0  0  0  0 -1 21  0 -20 -1  1  0  0
  0  0  0  0  0  0  0  0  0  0  0  0  0  0  0  0
  0.087568531482   0.955859360753

   5   12    7    5 
 1230 2031 0132 0132
   0    0    0    0 
  0  0  0  0  1  0 -1  0  0  0  0  0  0  0  0  0
  0  0  0  0  0  0  0  0  0  0  0  0  0  0  0  0
  0  1 -1  0 -21  0 21  0 -1  1  0  0  0  0  0  0
  0  0  0  0  0  0  0  0  0  0  0  0  0  0  0  0
  0.087568531482   0.955859360753

   1   12   10    6 
 2031 0321 2310 0132
   0    0    0    0 
  0  0  0  0 -1  0  0  1  0  0  0  0  0  0  0  0
  0  0  0  0  0  0  0  0  0  0  0  0  0  0  0  0
  0 -1  0  1 21  0  0 -21  0  0  0  0  0  0  0  0
  0  0  0  0  0  0  0  0  0  0  0  0  0  0  0  0
  0.024954814851   0.905056975597

   4   10    9    3 
 3120 0321 0132 1230
   0    0    0    0 
  0  0  0  0  0  0  0  0  0  0  0  0  1 -1  0  0
  0  0  0  0  0  0  0  0  0  0  0  0  0  0  0  0
  0  0  0  0 -1  0  1  0  0  0  0  0 -20 20  0  0
  0  0  0  0  0  0  0  0  0  0  0  0  0  0  0  0
  0.857388099699   0.913195695883

  11   11    5    8 
 0321 0213 3201 0132
   0    0    0    0 
  0  0  0  0  0  0  0  0  0  0  0  0  0  0  0  0
  0  0  0  0  0  0  0  0  0  0  0  0  0  0  0  0
  0 -1  1  0  0  0  1 -1  0  0  0  0  0  0  0  0
  0  0  0  0  0  0  0  0  0  0  0  0  0  0  0  0
  1.840628549295   0.858041160363

   5    7   11    8 
 3201 3201 0132 0321
   0    0    0    0 
  0  0  0  0 -1  0  0  1  0  0  0  0  0  0  0  0
  0  0  0  0  0  0  0  0  0  0  0  0  0  0  0  0
  0  0  0  0 20  0  0 -20  0  0  0  0  0  0  0  0
  0  0  0  0  0  0  0  0  0  0  0  0  0  0  0  0
 -0.250227301543   1.172378722769

   9    3    9   10 
 0321 1302 0213 0132
   0    0    0    0 
  0  0  0  0  0  0  0  0  0  0  0  0  0  0  0  0
  0  0  0  0  0  0  0  0  0  0  0  0  0  0  0  0
  0 -1  1  0  0  0  0  0  0  0  0  0  0  0  0  0
  0  0  0  0  0  0  0  0  0  0  0  0  0  0  0  0
  0.431606932964   1.287575457358

   6    1    2    7 
 1302 3012 2103 0321
   0    0    0    0 
  0  0  0  0  0  0  0  0  0  0  0  0  0  0  0  0
  0  0  0  0  0  0  0  0  0  0  0  0  0  0  0  0
  0  0 -1  1  0  0  0  0 -1  1  0  0 -1  0  1  0
  0  0  0  0  0  0  0  0  0  0  0  0  0  0  0  0
  0.483398830031   0.484504335011

