% Triangulation
newlinks/L111513
geometric_solution  9.83267992
oriented_manifold
CS_unknown

1 0
    torus   0.000000000000  -0.000000000000

11
   6    1    6    1 
 1302 2031 2103 0132
   0    0    0    0 
  0  0  0  0  0  0  0  0  0  0  0  0  0  0  0  0
  0  0  0  0  0  0  0  0  0  0  0  0  0  0  0  0
  0  0  0  0  1  0 -1  0 -1  0  0  1  0  0  0  0
  0  0  0  0  0  0  0  0  0  0  0  0  0  0  0  0
  0.502386365315   1.160666386117

   0    3    0    9 
 1302 0132 0132 3120
   0    0    0    0 
  0  1  0 -1  0  0  0  0  0 -1  0  1  0  0  0  0
  0  0  0  0  0  0  0  0  0  0  0  0  0  0  0  0
  0 -11  0 11  0  0  0  0  0 12  0 -12  0  1 -1  0
  0  0  0  0  0  0  0  0  0  0  0  0  0  0  0  0
  0.502386365315   1.160666386117

   3    3    5    5 
 3120 1023 0213 2310
   0    0    0    0 
  0  0  1 -1 -1  0  0  1  0  0  0  0  0  1 -1  0
  0  0  0  0  0  0  0  0  0  0  0  0  0  0  0  0
  0  0 -11 11 12  0  0 -12  0 -1  0  1  0 -12 12  0
  0  0  0  0  0  0  0  0  0  0  0  0  0  0  0  0
  0.312029288582   0.727797394398

   2    1    7    2 
 1023 0132 3120 3120
   0    0    0    0 
  0 -1  1  0  0  0 -1  1  0  0  0  0 -1  1  0  0
  0  0  0  0  0  0  0  0  0  0  0  0  0  0  0  0
  0 11 -11  0  0  0 12 -12  1 -1  0  0 12 -12  0  0
  0  0  0  0  0  0  0  0  0  0  0  0  0  0  0  0
  0.685917932541   0.725625779977

  10    8    6    5 
 0132 1302 0132 0132
   0    0    0    0 
  0  0  1 -1  0  0  0  0  0  0  0  0  1 -1  0  0
  0  0  0  0  0  0  0  0  0  0  0  0  0  0  0  0
  0  0 -11 11  0  0  1 -1  0  0  0  0 -11 11  0  0
  0  0  0  0  0  0  0  0  0  0  0  0  0  0  0  0
  0.311197676372   3.011630992700

   2    2    4    7 
 3201 0213 0132 1230
   0    0    0    0 
  0 -1  1  0  0  0  0  0  1  0  0 -1 -1  1  0  0
  0  0  0  0  0  0  0  0  0  0  0  0  0  0  0  0
  0 11 -11  0 -1  0  1  0 -11  0  0 11 12 -12  0  0
  0  0  0  0  0  0  0  0  0  0  0  0  0  0  0  0
  0.312029288582   0.727797394398

   0    0    8    4 
 2103 2031 1302 0132
   0    0    0    0 
  0  0  1 -1  0  0  0  0  0  0  0  0  0  0  0  0
  0  0  0  0  0  0  0  0  0  0  0  0  0  0  0  0
  0  1 -12 11  1  0  0 -1  0  0  0  0  0 -1  1  0
  0  0  0  0  0  0  0  0  0  0  0  0  0  0  0  0
  0.312029288582   0.727797394398

   5   10    3    8 
 3012 0213 3120 0132
   0    0    0    0 
  0  0  0  0  0  0  1 -1  0  0  0  0  1  0 -1  0
  0  0  0  0  0  0  0  0  0  0  0  0  0  0  0  0
  0  0  0  0  0  0 -12 12  0  0  0  0 -11  0 11  0
  0  0  0  0  0  0  0  0  0  0  0  0  0  0  0  0
  0.962745147005   0.623134238564

   6    9    7    4 
 2031 0321 0132 2031
   0    0    0    0 
  0  0  0  0 -1  0  1  0  0 -1  0  1  0  0  0  0
  0  0  0  0  0  0  0  0  0  0  0  0  0  0  0  0
  0  0  0  0 12  0 -12  0 -1 12  0 -11  0  0  0  0
  0  0  0  0  0  0  0  0  0  0  0  0  0  0  0  0
  0.852669045491   1.022861443038

   1   10   10    8 
 3120 3120 0132 0321
   0    0    0    0 
  0  0  0  0  0  0  0  0 -1  0  0  1  1  0 -1  0
  0  0  0  0  0  0  0  0  0  0  0  0  0  0  0  0
  0  0  0  0  0  0  0  0 12  0  0 -12 -11  0 11  0
  0  0  0  0  0  0  0  0  0  0  0  0  0  0  0  0
  0.062021954462   1.398291316832

   4    9    7    9 
 0132 3120 0213 0132
   0    0    0    0 
  0  0  0  0  0  0  0  0 -1  0  0  1  0  0  0  0
  0  0  0  0  0  0  0  0  0  0  0  0  0  0  0  0
  0  0  0  0  0  0  0  0 11  0  0 -11  0  0  0  0
  0  0  0  0  0  0  0  0  0  0  0  0  0  0  0  0
 -0.426752754095   0.384927838343

