% Triangulation
newlinks/L111214
geometric_solution  9.99603963
oriented_manifold
CS_unknown

1 0
    torus   0.000000000000   0.000000000000

11
   1    7    6   10 
 1023 1023 3201 0132
   0    0    0    0 
  0  0  0  0  0  0  0  0  0  0  0  0  0  0  0  0
  0  0  0  0  0  0  0  0  0  0  0  0  0  0  0  0
  0  0  0  0  0  0  0  0  1  0  0 -1  1  0 -1  0
  0  0  0  0  0  0  0  0  0  0  0  0  0  0  0  0
  1.331511635427   1.096618943199

   9    0    3    9 
 1230 1023 1302 0132
   0    0    0    0 
  0  0  0  0  0  0  0  0  0  0  0  0  0  0  0  0
  0  0  0  0  0  0  0  0  0  0  0  0  0  0  0  0
  0  0  0  0  1  0  0 -1  1 -1  0  0  1 -1  0  0
  0  0  0  0  0  0  0  0  0  0  0  0  0  0  0  0
  0.602451696772   0.826944061570

   4    4   10    3 
 1023 0213 3012 0132
   0    0    0    0 
  0  0  0  0  0  0  0  0  0  0  0  0 -1  1  0  0
  0  0  0  0  0  0  0  0  0  0  0  0  0  0  0  0
  0 -1  1  0  0  0  0  0  0  0  0  0  0 -1  1  0
  0  0  0  0  0  0  0  0  0  0  0  0  0  0  0  0
  0.894275266271   0.946472624535

   1    8    2    5 
 2031 3012 0132 2310
   0    0    0    0 
  0  0  0  0  0  0  0  0  0  0  0  0  0  0  0  0
  0  0  0  0  0  0  0  0  0  0  0  0  0  0  0  0
  0  0  0  0  0  0  0  0  0  0  0  0  0  0  0  0
  0  0  0  0  0  0  0  0  0  0  0  0  0  0  0  0
  0.531823831245   0.456483844468

   9    2    2    8 
 0213 1023 0213 3201
   0    0    0    0 
  0  0  0  0  0  0  0  0  0  0  0  0  0  1 -1  0
  0  0  0  0  0  0  0  0  0  0  0  0  0  0  0  0
  0  0  1 -1  0  0  0  0  0  0  0  0 -1  0  1  0
  0  0  0  0  0  0  0  0  0  0  0  0  0  0  0  0
  0.116566830477   1.043533618705

   3    7    6   10 
 3201 0321 0132 2103
   0    0    0    0 
  0  0  0  0  0  0  0  0  0  0  0  0  0  0  0  0
  0  0  0  0  0  0  0  0  0  0  0  0  0  0  0  0
  0  0  1 -1  0  0  0  0  0  0  0  0  0  0  0  0
  0  0  0  0  0  0  0  0  0  0  0  0  0  0  0  0
  0.515651108973   0.277919399560

   0    8    9    5 
 2310 0213 1230 0132
   0    0    0    0 
  0  0  0  0  0  0  0  0  0  0  0  0  0  0  0  0
  0  0  0  0  0  0  0  0  0  0  0  0  0  0  0  0
  0  0  1 -1  1  0 -1  0  0  0  0  0  0  1 -1  0
  0  0  0  0  0  0  0  0  0  0  0  0  0  0  0  0
  0.713044410089   0.719298500653

   0   10    8    5 
 1023 2031 0132 0321
   0    0    0    0 
  0  0  0  0  0  0  0  0  0  0  0  0  0  0  0  0
  0  0  0  0  0  0  0  0  0  0  0  0  0  0  0  0
  0  0  0  0  0  0  0  0  0  0  0  0  0  0  0  0
  0  0  0  0  0  0  0  0  0  0  0  0  0  0  0  0
  0.254675959400   0.795878717492

   3    4    6    7 
 1230 2310 0213 0132
   0    0    0    0 
  0  0  0  0  0  0  0  0  0  0  0  0  0  0  0  0
  0  0  0  0  0  0  0  0  0  0  0  0  0  0  0  0
  0  0  0  0  0  0  0  0  0  0  0  0  0  1 -1  0
  0  0  0  0  0  0  0  0  0  0  0  0  0  0  0  0
 -0.129645168601   0.963470913243

   4    1    1    6 
 0213 3012 0132 3012
   0    0    0    0 
  0  0  0  0  0  0  0  0  0  0  0  0  0  0  0  0
  0  0  0  0  0  0  0  0  0  0  0  0  0  0  0  0
  0 -1  0  1  0  0  1 -1  0 -1  0  1  1 -1  0  0
  0  0  0  0  0  0  0  0  0  0  0  0  0  0  0  0
  0.602451696772   0.826944061570

   7    2    0    5 
 1302 1230 0132 2103
   0    0    0    0 
  0  0  0  0  0  0  0  0  0  0  0  0  0  0  0  0
  0  0  0  0  0  0  0  0  0  0  0  0  0  0  0  0
  0  0  0  0  0  0  0  0  0 -1  0  1  0 -1  1  0
  0  0  0  0  0  0  0  0  0  0  0  0  0  0  0  0
  0.211652365714   0.543125536692

