% Triangulation
newlinks/L111548
geometric_solution  5.89362704
oriented_manifold
CS_unknown

1 0
    torus   0.000000000000  -0.000000000000

8
   0    0    7    7 
 1230 3012 1302 2031
   0    0    0    0 
  0  0  0  0  1  0  0 -1  0 -1  0  1  0  0  0  0
  0  0  0  0  0  0  0  0  0  0  0  0  0  0  0  0
  0  0  0  0 -2  0  0  2 -1  2  0 -1  0  1 -1  0
  0  0  0  0  0  0  0  0  0  0  0  0  0  0  0  0
  1.984375592990   0.316804778883

   7    2    3    4 
 2310 0213 3012 1230
   0    0    0    0 
  0 -1  0  1 -1  0  0  1  0  0  0  0  1 -1  0  0
  0  0  0  0  0  0  0  0  0  0  0  0  0  0  0  0
  0  1  1 -2  1  0  0 -1  0 -1  0  1 -2  2  0  0
  0  0  0  0  0  0  0  0  0  0  0  0  0  0  0  0
  1.079097079236   0.427557402863

   6    5    1    5 
 0213 1023 0213 2031
   0    0    0    0 
  0  0  1 -1  0  0  0  0  0  1  0 -1 -1  0  1  0
  0  0  0  0  0  0  0  0  0  0  0  0  0  0  0  0
  0  0 -1  1 -1  0  1  0  0 -1  0  1  2  0 -2  0
  0  0  0  0  0  0  0  0  0  0  0  0  0  0  0  0
 -0.384494768523   1.216561674030

   6    1    6    4 
 1302 1230 0132 0132
   0    0    0    0 
  0  0  0  0  1  0  0 -1  0  0  0  0  0  0  0  0
  0  0  0  0  0  0  0  0  0  0  0  0  0  0  0  0
  0  0  0  0 -2  0  0  2  0  0  0  0  0 -1  1  0
  0  0  0  0  0  0  0  0  0  0  0  0  0  0  0  0
  0.643778860086   1.105482966510

   1    7    3    5 
 3012 1302 0132 0132
   0    0    0    0 
  0  0  0  0 -1  0  1  0 -1  0  0  1  0  0  0  0
  0  0  0  0  0  0  0  0  0  0  0  0  0  0  0  0
  0  0  0  0  2  0 -2  0  1  0  0 -1 -1  1  0  0
  0  0  0  0  0  0  0  0  0  0  0  0  0  0  0  0
 -0.393507298871   0.369359099627

   2    2    4    6 
 1023 1302 0132 0132
   0    0    0    0 
  0  0  0  0  0  0  0  0 -1  1  0  0  0  1 -1  0
  0  0  0  0  0  0  0  0  0  0  0  0  0  0  0  0
  0  0  0  0  0  0  0  0  1 -1  0  0  0 -1  1  0
  0  0  0  0  0  0  0  0  0  0  0  0  0  0  0  0
 -0.266529586482   1.100376522178

   2    3    5    3 
 0213 2031 0132 0132
   0    0    0    0 
  0  0  0  0  0  0  0  0  0  0  0  0  1 -1  0  0
  0  0  0  0  0  0  0  0  0  0  0  0  0  0  0  0
  0  0  0  0  0  0  0  0  1  0  0 -1 -2  2  0  0
  0  0  0  0  0  0  0  0  0  0  0  0  0  0  0  0
  0.643778860086   1.105482966510

   0    0    1    4 
 2031 1302 3201 2031
   0    0    0    0 
  0  1 -1  0  0  0  0  0  0  0  0  0  0 -1  1  0
  0  0  0  0  0  0  0  0  0  0  0  0  0  0  0  0
  0 -2  2  0  0  0  0  0  1  0  0 -1  0  1 -1  0
  0  0  0  0  0  0  0  0  0  0  0  0  0  0  0  0
  0.868630040151   0.623709784149

