% Triangulation
newlinks/L111149
geometric_solution  12.58770356
oriented_manifold
CS_unknown

1 0
    torus   0.000000000000  -0.000000000000

14
   6    2    1    2 
 0321 0321 0132 3120
   0    0    0    0 
  0 -1  0  1  0  0  1 -1  0  0  0  0 -1  1  0  0
  0  0  0  0  0  0  0  0  0  0  0  0  0  0  0  0
  0 -4  0  4  0  0  4 -4 -1  0  0  1 -4  4  0  0
  0  0  0  0  0  0  0  0  0  0  0  0  0  0  0  0
  0.615531829094   0.450670292750

  11   12    2    0 
 1230 3120 3012 0132
   0    0    0    0 
  0  1 -1  0  0  0  1 -1  1 -1  0  0  0  0  0  0
  0  0  0  0  0  0  0  0  0  0  0  0  0  0  0  0
  0  3 -3  0  0  0  4 -4  3 -3  0  0  1  0 -1  0
  0  0  0  0  0  0  0  0  0  0  0  0  0  0  0  0
  0.538680454340   0.863647831783

   0    1   12    0 
 3120 1230 3201 0321
   0    0    0    0 
  0 -1  0  1  1  0  0 -1  0  0  0  0 -1  1  0  0
  0  0  0  0  0  0  0  0  0  0  0  0  0  0  0  0
  0 -4  0  4  4  0  0 -4 -1  1  0  0 -4  3  1  0
  0  0  0  0  0  0  0  0  0  0  0  0  0  0  0  0
 -0.057645455825   0.774370007646

   8    4   13    4 
 2103 2031 2103 0132
   0    0    0    0 
  0  0  0  0  0  0  1 -1  0  0  0  0  0  0  0  0
  0  0  0  0  0  0  0  0  0  0  0  0  0  0  0  0
  0  0  0  0  0  0  4 -4 -1  0  0  1 -1  1  0  0
  0  0  0  0  0  0  0  0  0  0  0  0  0  0  0  0
  0.050749767948   0.964682564332

   3    8    3    5 
 1302 1023 0132 0132
   0    0    0    0 
  0  0  0  0  0  0  1 -1  0  0  0  0  0  0  0  0
  0  0  0  0  0  0  0  0  0  0  0  0  0  0  0  0
  0  0  0  0 -1  0  4 -3  0  0  0  0  0  1 -1  0
  0  0  0  0  0  0  0  0  0  0  0  0  0  0  0  0
  0.050749767948   0.964682564332

   6    6    4    9 
 1023 0321 0132 3120
   0    0    0    0 
  0  0  0  0  0  0  1 -1  0  0  0  0  0  0  0  0
  0  0  0  0  0  0  0  0  0  0  0  0  0  0  0  0
  0  0  0  0  0  0  3 -3  0  1  0 -1  0  0  0  0
  0  0  0  0  0  0  0  0  0  0  0  0  0  0  0  0
  0.405727614461   0.620216952396

   0    5    7    5 
 0321 1023 1302 0321
   0    0    0    0 
  0  0  0  0  1  0 -1  0  0  0  0  0  0  0  0  0
  0  0  0  0  0  0  0  0  0  0  0  0  0  0  0  0
  0  0  0  0  4  0 -4  0  1  0  0 -1  0  0  0  0
  0  0  0  0  0  0  0  0  0  0  0  0  0  0  0  0
  0.261351795822   1.129137188990

   6   10    8   13 
 2031 0321 0132 0321
   0    0    0    0 
  0  0  0  0  0  0  0  0  0  0  0  0  1  0 -1  0
  0  0  0  0  0  0  0  0  0  0  0  0  0  0  0  0
  0  0  0  0  0  0  0  0  0  0  0  0  4  0 -4  0
  0  0  0  0  0  0  0  0  0  0  0  0  0  0  0  0
  0.936887891441   0.517339526169

   4   13    3    7 
 1023 0213 2103 0132
   0    0    0    0 
  0  0  0  0  0  0  0  0  0 -1  0  1  0  0  0  0
  0  0  0  0  0  0  0  0  0  0  0  0  0  0  0  0
  0 -1  1  0  0  0  0  0  0 -4  0  4 -1  0  1  0
  0  0  0  0  0  0  0  0  0  0  0  0  0  0  0  0
  0.845060016397   0.488607396069

   5   11   13   10 
 3120 0213 0132 0132
   0    0    0    0 
  0  0  0  0  1  0  0 -1  0  0  0  0  0  0  0  0
  0  0  0  0  0  0  0  0  0  0  0  0  0  0  0  0
  0 -1  1  0  3  0  0 -3  1  0  0 -1  0  0  0  0
  0  0  0  0  0  0  0  0  0  0  0  0  0  0  0  0
  0.905811642782   1.257209704432

  11   12    9    7 
 0321 0321 0132 0321
   0    0    0    0 
  0  0  0  0 -1  0  1  0 -1  1  0  0  0  0  0  0
  0  0  0  0  0  0  0  0  0  0  0  0  0  0  0  0
  0  0  0  0 -3  0  3  0 -3  3  0  0  0 -1  1  0
  0  0  0  0  0  0  0  0  0  0  0  0  0  0  0  0
  0.427806962235   0.769031203761

  10    1    9   12 
 0321 3012 0213 0132
   0    0    0    0 
  0  0  0  0  0  0  0  0  1  0  0 -1  1 -1  0  0
  0  0  0  0  0  0  0  0  0  0  0  0  0  0  0  0
  0 -1  1  0  0  0  0  0  3  0  0 -3  3 -3  0  0
  0  0  0  0  0  0  0  0  0  0  0  0  0  0  0  0
 -0.110918602444   0.704095659546

   2    1   11   10 
 2310 3120 0132 0321
   0    0    0    0 
  0  0  0  0  0  0  0  0  0  1  0 -1  0 -1  1  0
  0  0  0  0  0  0  0  0  0  0  0  0  0  0  0  0
  0  0  0  0 -1  0  0  1  0  3  0 -3  0 -3  3  0
  0  0  0  0  0  0  0  0  0  0  0  0  0  0  0  0
 -0.544570261430   1.529810904175

   3    7    8    9 
 2103 0321 0213 0132
   0    0    0    0 
  0  0  0  0 -1  0  1  0  0  0  0  0  0  0  0  0
  0  0  0  0  0  0  0  0  0  0  0  0  0  0  0  0
  0  0  1 -1 -4  0  4  0  0  0  0  0  0  0  0  0
  0  0  0  0  0  0  0  0  0  0  0  0  0  0  0  0
 -0.192034231546   0.747643985349

