% Triangulation
newlinks/L111203
geometric_solution  13.72043990
oriented_manifold
CS_unknown

1 0
    torus   0.000000000000   0.000000000000

15
   1    3    1    2 
 1302 1023 0132 2310
   0    0    0    0 
  0 -1  1  0  0  0 -1  1  0  0  0  0  0  0  0  0
  0  0  0  0  0  0  0  0  0  0  0  0  0  0  0  0
  0 17 -17  0  0  0 18 -18  0  0  0  0  0 -1  1  0
  0  0  0  0  0  0  0  0  0  0  0  0  0  0  0  0
  0.204120175333   1.082762102316

   6    0    8    0 
 1230 2031 0132 0132
   0    0    0    0 
  0  0  1 -1 -1  0  0  1  0  0  0  0  1  0 -1  0
  0  0  0  0  0  0  0  0  0  0  0  0  0  0  0  0
  0  0 -17 17 18  0  0 -18  1  0  0 -1 -17  0 17  0
  0  0  0  0  0  0  0  0  0  0  0  0  0  0  0  0
  0.204120175333   1.082762102316

   0    7    5    4 
 3201 3201 0213 1230
   0    0    0    0 
  0  0  0  0  0  0  0  0  0 -1  0  1 -1  0  1  0
  0  0  0  0  0  0  0  0  0  0  0  0  0  0  0  0
  0  0  0  0  0  0  0  0  0 18  0 -18 18  0 -18  0
  0  0  0  0  0  0  0  0  0  0  0  0  0  0  0  0
 -0.168133154073   0.891867778754

   0   14   14    4 
 1023 0213 2103 0132
   0    0    0    0 
  0  0  0  0  1  0  0 -1  0  0  0  0  0  0  0  0
  0  0  0  0  0  0  0  0  0  0  0  0  0  0  0  0
  0 -1  1  0 -17  0  0 17  0  0  0  0  1  0 -1  0
  0  0  0  0  0  0  0  0  0  0  0  0  0  0  0  0
  0.831866845927   0.891867778754

   2    9    3   12 
 3012 2103 0132 1230
   0    0    0    0 
  0  0  0  0  0  0  1 -1  0  0  0  0 -1  1  0  0
  0  0  0  0  0  0  0  0  0  0  0  0  0  0  0  0
  0  0  0  0  0  0 -17 17  0  0  0  0 18 -18  0  0
  0  0  0  0  0  0  0  0  0  0  0  0  0  0  0  0
  0.540811599866   0.412908784084

  11    2    8   12 
 3012 0213 1302 2031
   0    0    0    0 
  0  0  0  0  0  0  0  0  0  0  0  0  1 -1  0  0
  0  0  0  0  0  0  0  0  0  0  0  0  0  0  0  0
  0  0  0  0  1  0 -1  0  0  0  0  0 -18 18  0  0
  0  0  0  0  0  0  0  0  0  0  0  0  0  0  0  0
  0.224584953058   1.214830536037

  13    1   13    7 
 0132 3012 3012 1230
   0    0    0    0 
  0 -1  1  0  0  0  0  0  0  1  0 -1  0  0  0  0
  0  0  0  0  0  0  0  0  0  0  0  0  0  0  0  0
  0 17 -17  0  0  0  0  0  0 -18  0 18  1 -1  0  0
  0  0  0  0  0  0  0  0  0  0  0  0  0  0  0  0
  0.509218041693   1.008311593364

   6    9    2    8 
 3012 0213 2310 0132
   0    0    0    0 
  0  0  1 -1  0  0  0  0  0  0  0  0  1 -1  0  0
  0  0  0  0  0  0  0  0  0  0  0  0  0  0  0  0
  0  1 -18 17  0  0  0  0  0 -1  0  1 -18 18  0  0
  0  0  0  0  0  0  0  0  0  0  0  0  0  0  0  0
  0.609548893281   1.015056468101

   5   11    7    1 
 2031 1023 0132 0132
   0    0    0    0 
  0  0  1 -1  0  0  0  0  0 -1  0  1  0  0  0  0
  0  0  0  0  0  0  0  0  0  0  0  0  0  0  0  0
  0  0 -17 17  0  0  0  0  0 17  0 -17  1  0 -1  0
  0  0  0  0  0  0  0  0  0  0  0  0  0  0  0  0
  0.572663385469   0.509527797873

  14    4    7   10 
 3201 2103 0213 1230
   0    0    0    0 
  0  0  0  0  0  0  0  0  0  0  0  0  0 -1  1  0
  0  0  0  0  0  0  0  0  0  0  0  0  0  0  0  0
  0  0 -1  1 -1  0  1  0  0  0  0  0  0 18 -18  0
  0  0  0  0  0  0  0  0  0  0  0  0  0  0  0  0
 -0.168133154073   0.891867778754

   9   12   14   11 
 3012 0213 3012 0132
   0    0    0    0 
  0  0  0  0  0  0  0  0  0  0  0  0  0  0  0  0
  0  0  0  0  0  0  0  0  0  0  0  0  0  0  0  0
  0  0  1 -1 -1  0  1  0  0  0  0  0  0  0  0  0
  0  0  0  0  0  0  0  0  0  0  0  0  0  0  0  0
  1.081623199732   0.825817568169

   8   13   10    5 
 1023 0321 0132 1230
   0    0    0    0 
  0  0  0  0  0  0  0  0  1  0  0 -1  0  0  0  0
  0  0  0  0  0  0  0  0  0  0  0  0  0  0  0  0
  0  0  1 -1  0  0  0  0 -17 -1  0 18  0  0  0  0
  0  0  0  0  0  0  0  0  0  0  0  0  0  0  0  0
  0.747057549110   0.361843519049

   4    5   10   13 
 3012 1302 0213 0132
   0    0    0    0 
  0  0  0  0  0  0  0  0  1  0  0 -1  0  0  0  0
  0  0  0  0  0  0  0  0  0  0  0  0  0  0  0  0
  0  0  0  0  0  0  0  0 -17  0  0 17  0  0  0  0
  0  0  0  0  0  0  0  0  0  0  0  0  0  0  0  0
 -0.339780442047   1.716374012353

   6    6   12   11 
 0132 1230 0132 0321
   0    0    0    0 
  0  0  0  0  0  0  0  0  0  0  0  0  0 -1  1  0
  0  0  0  0  0  0  0  0  0  0  0  0  0  0  0  0
  0  0  0  0  0  0  0  0 -1  0  0  1  0 17 -17  0
  0  0  0  0  0  0  0  0  0  0  0  0  0  0  0  0
  0.390265490755   0.801800498485

   3   10    3    9 
 2103 1230 0213 2310
   0    0    0    0 
  0  0  0  0  0  0  0  0  0  0  0  0  0  0  0  0
  0  0  0  0  0  0  0  0  0  0  0  0  0  0  0  0
  0 -1  1  0  0  0  0  0 -1  0  0  1  1 -1  0  0
  0  0  0  0  0  0  0  0  0  0  0  0  0  0  0  0
  0.204120175333   1.082762102316

