% Triangulation
newlinks/L111086
geometric_solution  16.26631999
oriented_manifold
CS_unknown

1 0
    torus   0.000000000000  -0.000000000000

18
  15    2   11    3 
 0321 0213 1302 0321
   0    0    0    0 
  0  0  0  0  1  0  0 -1  0  0  0  0  0  0  0  0
  0  0  0  0  0  0  0  0  0  0  0  0  0  0  0  0
  0  0  0  0 -7  0  0  7  0  1  0 -1  0  0  0  0
  0  0  0  0  0  0  0  0  0  0  0  0  0  0  0  0
  0.547043578614   0.476415318975

   6    9    2   10 
 0321 1023 3012 3120
   0    0    0    0 
  0  0  0  0  0  0  0  0  0  0  0  0 -1  1  0  0
  0  0  0  0  0  0  0  0  0  0  0  0  0  0  0  0
  0  1 -1  0  0  0  0  0  0  1  0 -1  6 -6  0  0
  0  0  0  0  0  0  0  0  0  0  0  0  0  0  0  0
 -0.263262583273   1.442856808066

  15    1    0   16 
 2031 1230 0213 0132
   0    0    0    0 
  0  0  0  0  0  0  0  0 -1  0  0  1  0  0  0  0
  0  0  0  0  0  0  0  0  0  0  0  0  0  0  0  0
  0  0  0  0  0  0 -1  1  7  0  0 -7 -1  1  0  0
  0  0  0  0  0  0  0  0  0  0  0  0  0  0  0  0
  0.456864626675   0.937764635548

  17    0   17   15 
 2103 0321 0132 2103
   0    0    0    0 
  0  0  0  0  0  0  0  0  0  0  0  0  0  1 -1  0
  0  0  0  0  0  0  0  0  0  0  0  0  0  0  0  0
  0  0  0  0 -1  0  0  1 -1  1  0  0  0 -7  7  0
  0  0  0  0  0  0  0  0  0  0  0  0  0  0  0  0
  0.606460051699   0.748465789398

   8    5   17   13 
 1230 0213 2103 2031
   0    0    0    0 
  0 -1  1  0  1  0  0 -1  0  0  0  0  0  0  0  0
  0  0  0  0  0  0  0  0  0  0  0  0  0  0  0  0
  0  7 -7  0 -7  0  1  6  0  0  0  0  0  0  0  0
  0  0  0  0  0  0  0  0  0  0  0  0  0  0  0  0
  0.524769480377   0.521874375927

   7   11    4    6 
 0321 0213 0213 0132
   0    0    0    0 
  0  0  1 -1 -1  0  0  1  0  0  0  0  1 -1  0  0
  0  0  0  0  0  0  0  0  0  0  0  0  0  0  0  0
  0  0 -7  7  6  0  0 -6  1  0  0 -1 -6  6  0  0
  0  0  0  0  0  0  0  0  0  0  0  0  0  0  0  0
  0.459720209184   1.261395174110

   1    8    5   14 
 0321 2031 0132 0213
   0    0    0    0 
  0 -1  1  0  1  0 -1  0  0  0  0  0  0  0  0  0
  0  0  0  0  0  0  0  0  0  0  0  0  0  0  0  0
  0  7 -7  0 -6  0  6  0  0  0  0  0  0 -1  1  0
  0  0  0  0  0  0  0  0  0  0  0  0  0  0  0  0
  1.052834734557   1.119584656689

   5   16    9   17 
 0321 2103 3012 3201
   0    0    0    0 
  0  0  0  0 -1  0  1  0  0  0  0  0  1 -1  0  0
  0  0  0  0  0  0  0  0  0  0  0  0  0  0  0  0
  0  0  0  0  6  0 -6  0 -1  0  0  1 -6  7 -1  0
  0  0  0  0  0  0  0  0  0  0  0  0  0  0  0  0
  0.697279850540   1.290022173609

   6    4    9   12 
 1302 3012 0132 0132
   0    0    0    0 
  0  0  0  0  0  0  0  0  1 -1  0  0  0  0  0  0
  0  0  0  0  0  0  0  0  0  0  0  0  0  0  0  0
  0  0  0  0  1  0 -1  0 -7  7  0  0  0  0  0  0
  0  0  0  0  0  0  0  0  0  0  0  0  0  0  0  0
  0.083376554130   0.254590336596

   1    7   11    8 
 1023 1230 0213 0132
   0    0    0    0 
  0 -1  1  0  0  0  0  0  0  0  0  0 -1  0  1  0
  0  0  0  0  0  0  0  0  0  0  0  0  0  0  0  0
  0  6 -6  0 -1  0  0  1 -1  1  0  0  6  0 -6  0
  0  0  0  0  0  0  0  0  0  0  0  0  0  0  0  0
  0.722730961518   1.418542115239

   1   12   11   12 
 3120 0321 0132 3120
   0    0    0    0 
  0  0 -1  1  0  0  0  0  0  0  0  0  0  0  0  0
  0  0  0  0  0  0  0  0  0  0  0  0  0  0  0  0
  0  0  6 -6  0  0  0  0  1  0  0 -1  0  0  0  0
  0  0  0  0  0  0  0  0  0  0  0  0  0  0  0  0
  0.349814000387   0.621904213054

   0    9    5   10 
 2031 0213 0213 0132
   0    0    0    0 
  0 -1  0  1  0  0  0  0  0  0  0  0  0 -1  1  0
  0  0  0  0  0  0  0  0  0  0  0  0  0  0  0  0
  0  6  0 -6  0  0  0  0  0  0  0  0  0  6 -6  0
  0  0  0  0  0  0  0  0  0  0  0  0  0  0  0  0
  0.811603835125   0.651426178662

  10   13    8   10 
 3120 2310 0132 0321
   0    0    0    0 
  0  0  0  0  0  0  0  0  0  0  0  0 -1  1  0  0
  0  0  0  0  0  0  0  0  0  0  0  0  0  0  0  0
  0  0  0  0  0  0  0  0  1 -1  0  0  6 -6  0  0
  0  0  0  0  0  0  0  0  0  0  0  0  0  0  0  0
  0.312924437016   1.221492526982

  14    4   14   12 
 1302 1302 0321 3201
   0    0    0    0 
  0  1  0 -1  0  0  0  0  0  0  0  0  0  0  0  0
  0  0  0  0  0  0  0  0  0  0  0  0  0  0  0  0
  0 -6  0  6 -1  0  0  1  0  0  0  0  0  0  0  0
  0  0  0  0  0  0  0  0  0  0  0  0  0  0  0  0
 -0.079307764985   0.579478472863

  16   13   13    6 
 0321 2031 0321 0213
   0    0    0    0 
  0  0  0  0  0  0  0  0  0  0  0  0  0  0  0  0
  0  0  0  0  0  0  0  0  0  0  0  0  0  0  0  0
  0  0  0  0  0  0  0  0  0  0  0  0 -1  1  0  0
  0  0  0  0  0  0  0  0  0  0  0  0  0  0  0  0
  1.231836414521   1.693960376600

   0   16    2    3 
 0321 1302 1302 2103
   0    0    0    0 
  0  0  0  0  0  0  0  0  0  0  0  0 -1  0  1  0
  0  0  0  0  0  0  0  0  0  0  0  0  0  0  0  0
  0  0  0  0  0  0  1 -1  0  0  0  0  7  0 -7  0
  0  0  0  0  0  0  0  0  0  0  0  0  0  0  0  0
  1.284376075382   1.466580631325

  14    7    2   15 
 0321 2103 0132 2031
   0    0    0    0 
  0  0  0  0  0  0  0  0  0  0  0  0  0  1 -1  0
  0  0  0  0  0  0  0  0  0  0  0  0  0  0  0  0
  0  0  0  0  1  0 -1  0  0  0  0  0  0 -7  7  0
  0  0  0  0  0  0  0  0  0  0  0  0  0  0  0  0
  0.051510436558   0.794434725511

   4    7    3    3 
 2103 2310 2103 0132
   0    0    0    0 
  0  0  0  0  0  0  0  0 -1  0  0  1  0  0  0  0
  0  0  0  0  0  0  0  0  0  0  0  0  0  0  0  0
  0 -1  1  0 -1  0  1  0  7  0  0 -7  0  0  0  0
  0  0  0  0  0  0  0  0  0  0  0  0  0  0  0  0
  0.550348002030   1.046695903581

