% Triangulation
newlinks/L111486
geometric_solution  8.56716138
oriented_manifold
CS_unknown

1 0
    torus   0.000000000000   0.000000000000

10
   6    1    1    4 
 1023 2103 1023 1230
   0    0    0    0 
  0  0  0  0 -1  0  1  0  1 -1  0  0  0  0  0  0
  0  0  0  0  0  0  0  0  0  0  0  0  0  0  0  0
  0  0  0  0 -9  0  9  0  8 -8  0  0  1  0 -1  0
  0  0  0  0  0  0  0  0  0  0  0  0  0  0  0  0
 -0.243782809233   0.712919867099

   3    0    0    2 
 0213 2103 1023 1302
   0    0    0    0 
  0  1 -1  0  0  0  0  0  0  0  0  0  0  0  0  0
  0  0  0  0  0  0  0  0  0  0  0  0  0  0  0  0
  0  8 -9  1  0  0  0  0 -1  0  0  1 -1  0  1  0
  0  0  0  0  0  0  0  0  0  0  0  0  0  0  0  0
 -0.243782809233   0.712919867099

   4    9    1    9 
 3201 1302 2031 1230
   0    0    0    0 
  0  0  0  0  0  0  0  0  0  1  0 -1  0  0  0  0
  0  0  0  0  0  0  0  0  0  0  0  0  0  0  0  0
  0  0 -1  1  0  0 -1  1  0  8  0 -8  1 -1  0  0
  0  0  0  0  0  0  0  0  0  0  0  0  0  0  0  0
  0.545948911747   0.598397659322

   1    7    7    4 
 0213 0213 2103 0132
   0    0    0    0 
  0  1 -1  0  0  0  0  0  0  0  0  0  0  0  0  0
  0  0  0  0  0  0  0  0  0  0  0  0  0  0  0  0
  0  9 -9  0  1  0  0 -1  0  0  0  0  1  0 -1  0
  0  0  0  0  0  0  0  0  0  0  0  0  0  0  0  0
  0.773111710346   1.258874332370

   0    5    3    2 
 3012 0321 0132 2310
   0    0    0    0 
  0  0  0  0  0  0  0  0  0  0  0  0  0  0  0  0
  0  0  0  0  0  0  0  0  0  0  0  0  0  0  0  0
  0  0  0  0  0  0  1 -1  0  0  0  0  0  0  0  0
  0  0  0  0  0  0  0  0  0  0  0  0  0  0  0  0
  0.362213962717   0.485603201226

   8    8    6    4 
 3120 0213 0132 0321
   0    0    0    0 
  0  0  0  0  0  0  0  0  0  0  0  0  0  0  0  0
  0  0  0  0  0  0  0  0  0  0  0  0  0  0  0  0
  0  0  0  0  0  0  0  0  0  0  0  0  0  0  0  0
  0  0  0  0  0  0  0  0  0  0  0  0  0  0  0  0
  0.277321505429   0.855361911029

   9    0    7    5 
 1230 1023 0132 0132
   0    0    0    0 
  0  1 -1  0  0  0  0  0  1 -1  0  0 -1  0  1  0
  0  0  0  0  0  0  0  0  0  0  0  0  0  0  0  0
  0  9 -9  0  0  0  0  0  8 -8  0  0 -8 -1  9  0
  0  0  0  0  0  0  0  0  0  0  0  0  0  0  0  0
  1.069298066577   0.864754105713

   3    9    3    6 
 2103 3201 0213 0132
   0    0    0    0 
  0  0 -1  1  0  0  0  0  1  0  0 -1  0  0  0  0
  0  0  0  0  0  0  0  0  0  0  0  0  0  0  0  0
  0  0 -9  9  0  0  0  0  9  0  0 -9  1 -1  0  0
  0  0  0  0  0  0  0  0  0  0  0  0  0  0  0  0
  0.138664187532   0.769368867686

   8    8    5    5 
 1230 3012 0213 3120
   0    0    0    0 
  0  0  0  0  0  0  0  0  0  0  0  0  0  0  0  0
  0  0  0  0  0  0  0  0  0  0  0  0  0  0  0  0
  0  0  0  0  0  0  0  0  0  0  0  0  0  0  0  0
  0  0  0  0  0  0  0  0  0  0  0  0  0  0  0  0
  1.766979877610   0.557616917991

   2    6    7    2 
 3012 3012 2310 2031
   0    0    0    0 
  0  1  0 -1  0  0  0  0  0  0  0  0  1 -1  0  0
  0  0  0  0  0  0  0  0  0  0  0  0  0  0  0  0
  0  8  0 -8 -1  0  1  0 -1  0  0  1  8 -8  0  0
  0  0  0  0  0  0  0  0  0  0  0  0  0  0  0  0
  0.167938345050   0.911996957995

