% Triangulation
newlinks/L111419
geometric_solution  13.98207661
oriented_manifold
CS_unknown

1 0
    torus   0.000000000000   0.000000000000

15
   2    7    6    7 
 0132 2031 3201 2103
   0    0    0    0 
  0  0  0  0  0  0  0  0  0  0  0  0  0  0  0  0
  0  0  0  0  0  0  0  0  0  0  0  0  0  0  0  0
  0  0  1 -1  1  0  0 -1  0 -1  0  1  0  1 -1  0
  0  0  0  0  0  0  0  0  0  0  0  0  0  0  0  0
  0.462027389364   1.432009751707

   8   11    2   13 
 2103 3012 0132 0213
   0    0    0    0 
  0  0  0  0  0  0  0  0  0  0  0  0  0  0  0  0
  0  0  0  0  0  0  0  0  0  0  0  0  0  0  0  0
  0  0  0  0  0  0  0  0  0  0  0  0  0  0  0  0
  0  0  0  0  0  0  0  0  0  0  0  0  0  0  0  0
  0.419425265786   0.763797275989

   0    5    3    1 
 0132 0132 0132 0132
   0    0    0    0 
  0  0  0  0  0  0  0  0  0  0  0  0  0 -1  1  0
  0  0  0  0  0  0  0  0  0  0  0  0  0  0  0  0
  0  0  0  0 -1  0  1  0  0  0  0  0  0  6 -6  0
  0  0  0  0  0  0  0  0  0  0  0  0  0  0  0  0
  0.353783630829   0.984554683523

   9    9   10    2 
 1302 3012 0321 0132
   0    0    0    0 
  0  0  0  0  0  0  0  0  0  1  0 -1  0  0  0  0
  0  0  0  0  0  0  0  0  0  0  0  0  0  0  0  0
  0  0  0  0  0  0  1 -1  0 -6  0  6  0  1 -1  0
  0  0  0  0  0  0  0  0  0  0  0  0  0  0  0  0
  0.263287206280   1.381600285751

  12   10    5   11 
 2310 3012 0132 0213
   0    0    0    0 
  0  0 -1  1  0  0  0  0  0  0  0  0 -1  0  1  0
  0  0  0  0  0  0  0  0  0  0  0  0  0  0  0  0
  0 -1  7 -6  0  0  0  0 -1  1  0  0  6  0 -6  0
  0  0  0  0  0  0  0  0  0  0  0  0  0  0  0  0
 -0.117878050260   0.542381850296

   8    2    6    4 
 0321 0132 0132 0132
   0    0    0    0 
  0  0 -1  1  0  0  0  0  0  1  0 -1  0  0  0  0
  0  0  0  0  0  0  0  0  0  0  0  0  0  0  0  0
  0  0  7 -7 -1  0  1  0  0 -6  0  6  0  0  0  0
  0  0  0  0  0  0  0  0  0  0  0  0  0  0  0  0
  0.094639962993   0.869442653709

   0   14   14    5 
 2310 1023 0213 0132
   0    0    0    0 
  0 -1  0  1  0  0  0  0  0  0  0  0  0  0  0  0
  0  0  0  0  0  0  0  0  0  0  0  0  0  0  0  0
  0  7  0 -7  1  0  0 -1  0  0  0  0 -1  0  1  0
  0  0  0  0  0  0  0  0  0  0  0  0  0  0  0  0
  0.642067861300   1.019522945044

   0    9    8    0 
 1302 0321 0132 2103
   0    0    0    0 
  0  0  0  0  0  0  0  0  0  0  0  0  0  0  0  0
  0  0  0  0  0  0  0  0  0  0  0  0  0  0  0  0
  0  0  1 -1 -1  0  0  1  0 -1  0  1  1  0 -1  0
  0  0  0  0  0  0  0  0  0  0  0  0  0  0  0  0
  0.795935225680   0.632479271863

   5   12    1    7 
 0321 1023 2103 0132
   0    0    0    0 
  0  0  0  0  0  0  0  0  0  0  0  0  0  0  0  0
  0  0  0  0  0  0  0  0  0  0  0  0  0  0  0  0
  0  1  0 -1  0  0  0  0  0 -1  0  1  1 -1  0  0
  0  0  0  0  0  0  0  0  0  0  0  0  0  0  0  0
  0.994239024578   0.547970982766

   3    3   13    7 
 1230 2031 1302 0321
   0    0    0    0 
  0  0  0  0 -1  0  1  0  0  0  0  0  0  0  0  0
  0  0  0  0  0  0  0  0  0  0  0  0  0  0  0  0
  0  0  0  0  6  0 -6  0 -1  0  0  1  0  0  0  0
  0  0  0  0  0  0  0  0  0  0  0  0  0  0  0  0
  0.263287206280   1.381600285751

   4   13    3   11 
 1230 0132 0321 0132
   0    0    0    0 
  0  0  0  0  0  0  0  0  0  0  0  0  0  0  0  0
  0  0  0  0  0  0  0  0  0  0  0  0  0  0  0  0
  0  0  0  0 -1  0  1  0  0  0  0  0  1  0 -1  0
  0  0  0  0  0  0  0  0  0  0  0  0  0  0  0  0
  0.754997135817   0.656347552473

   1   14   10    4 
 1230 0321 0132 0213
   0    0    0    0 
  0  1  0 -1  0  0  0  0  0  0  0  0  0  0  0  0
  0  0  0  0  0  0  0  0  0  0  0  0  0  0  0  0
  0 -6  0  6  0  0  0  0  0  0  0  0  0  0  0  0
  0  0  0  0  0  0  0  0  0  0  0  0  0  0  0  0
  0.630270643923   0.599902983779

   8   14    4   13 
 1023 0213 3201 0132
   0    0    0    0 
  0 -1  1  0  0  0  0  0  0  1  0 -1  0  0  0  0
  0  0  0  0  0  0  0  0  0  0  0  0  0  0  0  0
  0  6 -6  0 -1  0  1  0  1 -7  0  6  1 -1  0  0
  0  0  0  0  0  0  0  0  0  0  0  0  0  0  0  0
  1.224418875546   0.728808417764

   9   10   12    1 
 2031 0132 0132 0213
   0    0    0    0 
  0  0  0  0  0  0  0  0  0  0  0  0 -1  0  1  0
  0  0  0  0  0  0  0  0  0  0  0  0  0  0  0  0
  0  0  0  0  0  0  0  0  0  0  0  0  6  0 -6  0
  0  0  0  0  0  0  0  0  0  0  0  0  0  0  0  0
  0.841903612690   0.883877065394

   6    6   12   11 
 1023 0213 0213 0321
   0    0    0    0 
  0  0  1 -1  1  0 -1  0  0  0  0  0  0  0  0  0
  0  0  0  0  0  0  0  0  0  0  0  0  0  0  0  0
  0  0 -6  6 -7  0  7  0  0  0  0  0  0 -1  1  0
  0  0  0  0  0  0  0  0  0  0  0  0  0  0  0  0
  0.557706471857   0.702306450090

