% Triangulation
newlinks/L111233
geometric_solution  6.72199329
oriented_manifold
CS_unknown

1 0
    torus   0.000000000000   0.000000000000

8
   6    2    1    1 
 3201 0213 3012 0132
   0    0    0    0 
  0  0  0  0  0  0  0  0  0  0  0  0 -1  0  1  0
  0  0  0  0  0  0  0  0  0  0  0  0  0  0  0  0
  0 -1  1  0  0  0  0  0  0  0  0  0 10 -1 -9  0
  0  0  0  0  0  0  0  0  0  0  0  0  0  0  0  0
  1.374710818722   0.975684329154

   5    0    0    2 
 2310 1230 0132 1023
   0    0    0    0 
  0  0  0  0  1  0  0 -1  1 -1  0  0  0  0  0  0
  0  0  0  0  0  0  0  0  0  0  0  0  0  0  0  0
  0  0  0  0 -10  0  0 10 -9  9  0  0  1 -1  0  0
  0  0  0  0  0  0  0  0  0  0  0  0  0  0  0  0
  0.670318822815   0.371319164279

   4    7    0    1 
 2310 2310 0213 1023
   0    0    0    0 
  0 -1  0  1  0  0  0  0  0  0  0  0  0  0  0  0
  0  0  0  0  0  0  0  0  0  0  0  0  0  0  0  0
  0  9  1 -10  0  0  0  0  0  0  0  0  0 -1  1  0
  0  0  0  0  0  0  0  0  0  0  0  0  0  0  0  0
  0.173225606129   1.236517183905

   3    3    7    5 
 1230 3012 2103 3120
   0    0    0    0 
  0 -1  1  0  1  0  0 -1  1 -1  0  0  1 -1  0  0
  0  0  0  0  0  0  0  0  0  0  0  0  0  0  0  0
  0  9 -9  0 -9  0  0  9 -9  9  0  0 -9  9  0  0
  0  0  0  0  0  0  0  0  0  0  0  0  0  0  0  0
  1.954517680923   0.974336793082

   6    7    2    6 
 0132 0132 3201 0321
   0    0    0    0 
  0  0  0  0  1  0  0 -1  1 -1  0  0  0  0  0  0
  0  0  0  0  0  0  0  0  0  0  0  0  0  0  0  0
  0  0  0  0 -10  0  0 10 -10 10  0  0  0  0  0  0
  0  0  0  0  0  0  0  0  0  0  0  0  0  0  0  0
  0.721933100376   1.489345064449

   3    7    1    6 
 3120 0213 3201 0132
   0    0    0    0 
  0  0  0  0  1  0 -1  0  0  0  0  0  0  1 -1  0
  0  0  0  0  0  0  0  0  0  0  0  0  0  0  0  0
  0  1 -1  0 -9  0  9  0  0  0  0  0  0 -10 10  0
  0  0  0  0  0  0  0  0  0  0  0  0  0  0  0  0
  0.954517680923   0.974336793082

   4    4    5    0 
 0132 0321 0132 2310
   0    0    0    0 
  0  0  0  0 -1  0  0  1  0  0  0  0 -1  1  0  0
  0  0  0  0  0  0  0  0  0  0  0  0  0  0  0  0
  0  0  0  0 10  0  0 -10  0  0  0  0 10 -10  0  0
  0  0  0  0  0  0  0  0  0  0  0  0  0  0  0  0
  0.736456912144   0.543688323700

   3    4    5    2 
 2103 0132 0213 3201
   0    0    0    0 
  0  0  0  0  0  0  0  0 -1  0  0  1  0  1 -1  0
  0  0  0  0  0  0  0  0  0  0  0  0  0  0  0  0
  0  0 -1  1  0  0  0  0  9  0  0 -9  0 -10 10  0
  0  0  0  0  0  0  0  0  0  0  0  0  0  0  0  0
  0.486938769367   0.523714169051

