% Triangulation
newlinks/L111303
geometric_solution  11.34500385
oriented_manifold
CS_unknown

1 0
    torus   0.000000000000  -0.000000000000

12
  11    2    1   11 
 1230 0321 0132 0132
   0    0    0    0 
  0  0  0  0  0  0  0  0  0  0  0  0  0  0  0  0
  0  0  0  0  0  0  0  0  0  0  0  0  0  0  0  0
  0 -1  1  0 -1  0  1  0  0 -1  0  1  0  0  0  0
  0  0  0  0  0  0  0  0  0  0  0  0  0  0  0  0
  0.591474041526   0.774253500303

  10    3    3    0 
 1302 0132 1302 0132
   0    0    0    0 
  0  0  0  0  0  0  0  0  0  0  0  0  0  0  0  0
  0  0  0  0  0  0  0  0  0  0  0  0  0  0  0  0
  0  0  1 -1  1  0  0 -1  0  0  0  0  1 -1  0  0
  0  0  0  0  0  0  0  0  0  0  0  0  0  0  0  0
  0.783211456299   0.905537973726

   8   10    4    0 
 0213 3012 0213 0321
   0    0    0    0 
  0  0  0  0  0  0  0  0  0  0  0  0  1 -1  0  0
  0  0  0  0  0  0  0  0  0  0  0  0  0  0  0  0
  0 -1  0  1  0  0  0  0  0 -1  0  1 -7  7  0  0
  0  0  0  0  0  0  0  0  0  0  0  0  0  0  0  0
  0.025611660335   1.503174072989

   1    1    4    7 
 2031 0132 0132 0132
   0    0    0    0 
  0  0  0  0  0  0  0  0  0  0  0  0  0  0  0  0
  0  0  0  0  0  0  0  0  0  0  0  0  0  0  0  0
  0  0  0  0 -1  0  1  0  0  1  0 -1  0  0  0  0
  0  0  0  0  0  0  0  0  0  0  0  0  0  0  0  0
  0.453606138107   0.631732830994

   5    2   10    3 
 3012 0213 0132 0132
   0    0    0    0 
  0  0  0  0  0  0  0  0  0  0  0  0 -1  0  1  0
  0  0  0  0  0  0  0  0  0  0  0  0  0  0  0  0
  0  0  0  0  0  0  1 -1  0  0  0  0  8  0 -8  0
  0  0  0  0  0  0  0  0  0  0  0  0  0  0  0  0
  0.056038212954   1.239478201721

   6    9    6    4 
 0321 0321 0132 1230
   0    0    0    0 
  0  0  0  0  0  0  0  0  0 -1  0  1  1  0 -1  0
  0  0  0  0  0  0  0  0  0  0  0  0  0  0  0  0
  0  0  0  0  0  0  0  0  0  8  0 -8 -8  0  8  0
  0  0  0  0  0  0  0  0  0  0  0  0  0  0  0  0
  0.234390186582   0.529089947795

   5    8   11    5 
 0321 0132 0132 0132
   0    0    0    0 
  0  0  0  0 -1  0  1  0  0 -1  0  1  0  0  0  0
  0  0  0  0  0  0  0  0  0  0  0  0  0  0  0  0
  0  0  0  0  8  0 -8  0  0  8  0 -8  0  0  0  0
  0  0  0  0  0  0  0  0  0  0  0  0  0  0  0  0
  0.643539458067   0.780153648721

   9    9    3    8 
 1023 0213 0132 0132
   0    0    0    0 
  0  0  0  0  0  0  0  0  0  0  0  0  0  0  0  0
  0  0  0  0  0  0  0  0  0  0  0  0  0  0  0  0
  0  0  0  0  0  0  0  0  0  1  0 -1 -1  0  1  0
  0  0  0  0  0  0  0  0  0  0  0  0  0  0  0  0
  0.778370996473   1.634278180562

   2    6    7   10 
 0213 0132 0132 0132
   0    0    0    0 
  0  0  0  0  0  0  0  0  0  0  0  0 -1  1  0  0
  0  0  0  0  0  0  0  0  0  0  0  0  0  0  0  0
  0  0  0  0  0  0  0  0  0  0  0  0  7 -8  1  0
  0  0  0  0  0  0  0  0  0  0  0  0  0  0  0  0
  0.064810678279   0.885332848255

  11    7    7    5 
 0213 1023 0213 0321
   0    0    0    0 
  0  0  0  0  0  0  0  0 -1  0  0  1  0  0  0  0
  0  0  0  0  0  0  0  0  0  0  0  0  0  0  0  0
  0  0  0  0  1  0 -1  0  8  0  0 -8 -1  1  0  0
  0  0  0  0  0  0  0  0  0  0  0  0  0  0  0  0
  0.081481713026   0.600840971149

   2    1    8    4 
 1230 2031 0132 0132
   0    0    0    0 
  0  0  0  0  0  0  0  0  1  0  0 -1  0  0  0  0
  0  0  0  0  0  0  0  0  0  0  0  0  0  0  0  0
  0  0  0  0  1  0  0 -1 -7 -1  0  8  1 -1  0  0
  0  0  0  0  0  0  0  0  0  0  0  0  0  0  0  0
  0.242400204036   0.597636099264

   9    0    0    6 
 0213 3012 0132 0132
   0    0    0    0 
  0  0  0  0  1  0  0 -1  0  0  0  0  0  0  0  0
  0  0  0  0  0  0  0  0  0  0  0  0  0  0  0  0
  0  0  0  0 -8  0  0  8 -1  1  0  0  1  0 -1  0
  0  0  0  0  0  0  0  0  0  0  0  0  0  0  0  0
  0.591474041526   0.774253500303

