% Triangulation
newlinks/L111025
geometric_solution  13.05181404
oriented_manifold
CS_unknown

1 0
    torus   0.000000000000   0.000000000000

14
   8    5    7    1 
 0321 2031 0213 1230
   0    0    0    0 
  0  0  0  0  0  0  0  0  0  1  0 -1  0  0  0  0
  0  0  0  0  0  0  0  0  0  0  0  0  0  0  0  0
  0  0  0  0  0  0 -1  1  1 -3  0  2  0 -1  1  0
  0  0  0  0  0  0  0  0  0  0  0  0  0  0  0  0
  0.780156879363   1.088847952110

   0    5    9    2 
 3012 0213 0132 0132
   0    0    0    0 
  0  0 -1  1  0  0  1 -1  0  0  0  0  1  0 -1  0
  0  0  0  0  0  0  0  0  0  0  0  0  0  0  0  0
  0  0  2 -2  0  0 -2  2 -1  1  0  0 -2  0  2  0
  0  0  0  0  0  0  0  0  0  0  0  0  0  0  0  0
  0.960925397058   0.617746640126

   8    8    1   10 
 1023 0321 0132 0132
   0    0    0    0 
  0  1 -1  0 -1  0  1  0  0  0  0  0  0  0  0  0
  0  0  0  0  0  0  0  0  0  0  0  0  0  0  0  0
  0 -2  2  0  2  0 -2  0 -1  0  0  1  0  0  0  0
  0  0  0  0  0  0  0  0  0  0  0  0  0  0  0  0
  0.610491881085   0.660135499617

   9   13    5    4 
 0132 0213 0213 0132
   0    0    0    0 
  0  0  0  0  0  0  1 -1  0  0  0  0  0  1 -1  0
  0  0  0  0  0  0  0  0  0  0  0  0  0  0  0  0
  0  0  0  0  0  0 -3  3 -1  1  0  0  0 -3  3  0
  0  0  0  0  0  0  0  0  0  0  0  0  0  0  0  0
  0.210697250877   1.441697067920

  13   11    3    7 
 0321 0321 0132 0132
   0    0    0    0 
  0  0  0  0 -1  0  1  0  0  0  0  0  0  0  0  0
  0  0  0  0  0  0  0  0  0  0  0  0  0  0  0  0
  0  0  0  0  3  0 -3  0  1  0  0 -1  0  0  0  0
  0  0  0  0  0  0  0  0  0  0  0  0  0  0  0  0
  0.147329516370   0.708976997317

   0    3    1    6 
 1302 0213 0213 0132
   0    0    0    0 
  0  0  0  0  0  0  0  0  0 -1  0  1 -1  1  0  0
  0  0  0  0  0  0  0  0  0  0  0  0  0  0  0  0
  0  0  0  0  1  0 -1  0  0  3  0 -3  3 -3  0  0
  0  0  0  0  0  0  0  0  0  0  0  0  0  0  0  0
  0.116114997987   0.910494301588

  10    7    5    8 
 1230 0321 0132 0132
   0    0    0    0 
  0  0  0  0  0  0  0  0  0  0  0  0  1  0 -1  0
  0  0  0  0  0  0  0  0  0  0  0  0  0  0  0  0
  0  0  0  0  0  0  0  0  0  0  0  0 -3  0  3  0
  0  0  0  0  0  0  0  0  0  0  0  0  0  0  0  0
  0.664443334144   0.647882788291

  10    0    4    6 
 0132 0213 0132 0321
   0    0    0    0 
  0  0  0  0  0  0  0  0  0  0  0  0  0  0  0  0
  0  0  0  0  0  0  0  0  0  0  0  0  0  0  0  0
  0  0  0  0  0  0  0  0 -1  1  0  0  0 -1  1  0
  0  0  0  0  0  0  0  0  0  0  0  0  0  0  0  0
  0.236663057808   1.511380730389

   0    2    6    2 
 0321 1023 0132 0321
   0    0    0    0 
  0  1  0 -1  0  0  0  0  0  0  0  0  0  0  0  0
  0  0  0  0  0  0  0  0  0  0  0  0  0  0  0  0
  0 -2  0  2  0  0  0  0 -1  1  0  0  0  0  0  0
  0  0  0  0  0  0  0  0  0  0  0  0  0  0  0  0
  0.244888588394   0.816515115780

   3   12   12    1 
 0132 1023 0213 0132
   0    0    0    0 
  0  0 -1  1  0  0  1 -1  0 -1  0  1  0  0  0  0
  0  0  0  0  0  0  0  0  0  0  0  0  0  0  0  0
  0 -1  3 -2  0  0 -2  2  0  2  0 -2  1  0 -1  0
  0  0  0  0  0  0  0  0  0  0  0  0  0  0  0  0
  0.233033855926   0.990227360750

   7    6    2   11 
 0132 3012 0132 0321
   0    0    0    0 
  0 -1  0  1  0  0  0  0  0  0  0  0  0  0  0  0
  0  0  0  0  0  0  0  0  0  0  0  0  0  0  0  0
  0  3  0 -3  0  0  0  0  0  0  0  0  1  0 -1  0
  0  0  0  0  0  0  0  0  0  0  0  0  0  0  0  0
  0.178840666315   1.011470275446

  13   10   12    4 
 1023 0321 0132 0321
   0    0    0    0 
  0 -1  1  0  0  0  0  0  0  0  0  0  0  0  0  0
  0  0  0  0  0  0  0  0  0  0  0  0  0  0  0  0
  0  3 -3  0  0  0  0  0  0  0  0  0  0  0  0  0
  0  0  0  0  0  0  0  0  0  0  0  0  0  0  0  0
  0.639188247025   1.148473323167

   9    9   13   11 
 1023 0213 0132 0132
   0    0    0    0 
  0  1  0 -1  0  0  0  0  1 -1  0  0  0  0  0  0
  0  0  0  0  0  0  0  0  0  0  0  0  0  0  0  0
  0 -3  0  3  1  0 -1  0 -2  2  0  0  0  1 -1  0
  0  0  0  0  0  0  0  0  0  0  0  0  0  0  0  0
  0.774814969219   0.956875462685

   4   11    3   12 
 0321 1023 0213 0132
   0    0    0    0 
  0  0  0  0  0  0  0  0  0  0  0  0  1  0 -1  0
  0  0  0  0  0  0  0  0  0  0  0  0  0  0  0  0
  0  0  0  0  0  0 -1  1 -1  0  0  1 -3  0  3  0
  0  0  0  0  0  0  0  0  0  0  0  0  0  0  0  0
 -0.378508289762   0.544602409468

