% Triangulation
newlinks/L111074
geometric_solution  16.45229580
oriented_manifold
CS_unknown

1 0
    torus   0.000000000000  -0.000000000000

17
  14    2    1    1 
 1302 1230 0321 2310
   0    0    0    0 
  0  0  0  0  0  0  0  0  0  0  0  0  0  0  0  0
  0  0  0  0  0  0  0  0  0  0  0  0  0  0  0  0
  0  0  0  0 -1  0  1  0 -1  0  0  1  0  1 -1  0
  0  0  0  0  0  0  0  0  0  0  0  0  0  0  0  0
  0.732986989314   1.219536758500

   0   15    0    3 
 3201 1023 0321 3120
   0    0    0    0 
  0  0  0  0  0  0  0  0  0  0  0  0  0  0  0  0
  0  0  0  0  0  0  0  0  0  0  0  0  0  0  0  0
  0  0  0  0 -1  0  1  0  0  0  0  0  0  1 -1  0
  0  0  0  0  0  0  0  0  0  0  0  0  0  0  0  0
  0.637948842603   0.602377260908

   4    9    0   12 
 0321 0213 3012 0321
   0    0    0    0 
  0  0  0  0  0  0  0  0  0  0  0  0  0  0  0  0
  0  0  0  0  0  0  0  0  0  0  0  0  0  0  0  0
  0  0 -1  1 -1  0  0  1  0 -1  0  1  0  0  0  0
  0  0  0  0  0  0  0  0  0  0  0  0  0  0  0  0
  0.752732842998   0.845667411413

   1   12   10    4 
 3120 1023 3012 0132
   0    0    0    0 
  0  0  0  0  0  0  0  0  0  0  0  0  0  0  0  0
  0  0  0  0  0  0  0  0  0  0  0  0  0  0  0  0
  0  0  0  0  0  0  0  0  0 -1  0  1  0  0  0  0
  0  0  0  0  0  0  0  0  0  0  0  0  0  0  0  0
  0.442880099703   0.768526284437

   2   15    3   14 
 0321 0321 0132 0213
   0    0    0    0 
  0  0  0  0  0  0  0  0  0  0  0  0  0  0  0  0
  0  0  0  0  0  0  0  0  0  0  0  0  0  0  0  0
  0 -1  0  1  0  0  0  0  0  0  0  0  1  0 -1  0
  0  0  0  0  0  0  0  0  0  0  0  0  0  0  0  0
  0.671955768102   0.706886680139

   6   13   10    7 
 0321 0321 3201 1230
   0    0    0    0 
  0  0  0  0  0  0  0  0  0  0  0  0  0  0  0  0
  0  0  0  0  0  0  0  0  0  0  0  0  0  0  0  0
  0  0  0  0  1  0  0 -1  0 -1  0  1  0  1 -1  0
  0  0  0  0  0  0  0  0  0  0  0  0  0  0  0  0
  0.220812915236   0.507066481548

   5    8    8    7 
 0321 0132 1302 0132
   0    0    0    0 
  0  0  0  0  0  0  0  0  0  0  0  0  0  0  0  0
  0  0  0  0  0  0  0  0  0  0  0  0  0  0  0  0
  0  0  0  0  0  0  0  0  0  0  0  0 -1  0  1  0
  0  0  0  0  0  0  0  0  0  0  0  0  0  0  0  0
  0.421841243321   1.172420071879

   5   10    6   12 
 3012 0321 0132 0132
   0    0    0    0 
  0  0  0  0  0  0  0  0  0  0  0  0  0  0  0  0
  0  0  0  0  0  0  0  0  0  0  0  0  0  0  0  0
  0  0  0  0  0  0  0  0  1  0  0 -1 -1  1  0  0
  0  0  0  0  0  0  0  0  0  0  0  0  0  0  0  0
  0.485249953237   0.352968884891

   6    6    9   16 
 2031 0132 0132 1230
   0    0    0    0 
  0  0  0  0  0  0  0  0  0  0  0  0  0  0  0  0
  0  0  0  0  0  0  0  0  0  0  0  0  0  0  0  0
  0  0  0  0  0  0  0  0 -1  0  0  1  0  0  0  0
  0  0  0  0  0  0  0  0  0  0  0  0  0  0  0  0
  0.728285913735   0.755172837158

  11   10    2    8 
 2031 0213 0213 0132
   0    0    0    0 
  0  0  0  0  0  0  0  0  0  0  0  0  0  0  0  0
  0  0  0  0  0  0  0  0  0  0  0  0  0  0  0  0
  0  0  0  0 -1  0  1  0  0  0  0  0  0  0  0  0
  0  0  0  0  0  0  0  0  0  0  0  0  0  0  0  0
  0.344926088002   0.997506365449

   5    3    9    7 
 2310 1230 0213 0321
   0    0    0    0 
  0  0  0  0  0  0  0  0  0  0  0  0  0  0  0  0
  0  0  0  0  0  0  0  0  0  0  0  0  0  0  0  0
  0  0  0  0  1  0  0 -1  0  0  0  0  0  0  0  0
  0  0  0  0  0  0  0  0  0  0  0  0  0  0  0  0
  0.789196359194   1.794688636361

  13   12    9   16 
 2031 0321 1302 1023
   0    0    0    0 
  0  0  0  0  0  0  0  0  0  0  0  0  0  0  0  0
  0  0  0  0  0  0  0  0  0  0  0  0  0  0  0  0
  0 -1  1  0  0  0  0  0  0  0  0  0  0  0  0  0
  0  0  0  0  0  0  0  0  0  0  0  0  0  0  0  0
  0.538726127250   0.935523633932

   3    2    7   11 
 1023 0321 0132 0321
   0    0    0    0 
  0  0  0  0  0  0  0  0  0  0  0  0  0  0  0  0
  0  0  0  0  0  0  0  0  0  0  0  0  0  0  0  0
  0 -1  0  1  0  0  0  0  1 -1  0  0  0 -1  1  0
  0  0  0  0  0  0  0  0  0  0  0  0  0  0  0  0
  0.254386825293   0.949099747133

  15   15   11    5 
 2031 0132 1302 0321
   0    0    0    0 
  0  0  0  0  0  0  0  0  0  0  0  0  0  0  0  0
  0  0  0  0  0  0  0  0  0  0  0  0  0  0  0  0
  0  0  0  0  1  0  0 -1  0 -1  0  1  0  0  0  0
  0  0  0  0  0  0  0  0  0  0  0  0  0  0  0  0
  0.506226877467   0.934032334438

  16    0   16    4 
 2103 2031 0213 0213
   0    0    0    0 
  0  0  0  0  0  0  0  0  0  0  0  0  1  0 -1  0
  0  0  0  0  0  0  0  0  0  0  0  0  0  0  0  0
  0  1  0 -1  0  0  0  0  0  0  0  0  6  1 -7  0
  0  0  0  0  0  0  0  0  0  0  0  0  0  0  0  0
  0.409478517017   0.804912212534

   1   13   13    4 
 1023 0132 1302 0321
   0    0    0    0 
  0  0  0  0  0  0  0  0  0  0  0  0  0  0  0  0
  0  0  0  0  0  0  0  0  0  0  0  0  0  0  0  0
  0  0 -1  1  0  0  0  0  0  0  0  0 -1  1  0  0
  0  0  0  0  0  0  0  0  0  0  0  0  0  0  0  0
  0.442358541958   0.836775358456

   8   14   14   11 
 3012 0213 2103 1023
   0    0    0    0 
  0  0  0  0  0  0  0  0  0  0  0  0  0  1 -1  0
  0  0  0  0  0  0  0  0  0  0  0  0  0  0  0  0
  0  0  0  0  0  0  0  0  0  0  0  0 -1  7 -6  0
  0  0  0  0  0  0  0  0  0  0  0  0  0  0  0  0
  0.497915099092   0.986948647305

