% Triangulation
newlinks/L111225
geometric_solution  7.77671151
oriented_manifold
CS_unknown

1 0
    torus   0.000000000000   0.000000000000

9
   8    4    3    6 
 0132 2103 1023 1230
   0    0    0    0 
  0  1  0 -1  0  0  0  0  0  0  0  0  0  0  0  0
  0  0  0  0  0  0  0  0  0  0  0  0  0  0  0  0
  0 -6  0  6  0  0  0  0 -1  1  0  0 -1  0  1  0
  0  0  0  0  0  0  0  0  0  0  0  0  0  0  0  0
  0.654022921393   0.586404752451

   5    7    6    2 
 0132 3012 1230 3120
   0    0    0    0 
  0  0  1 -1  0  0 -1  1  0  0  0  0  0  0  0  0
  0  0  0  0  0  0  0  0  0  0  0  0  0  0  0  0
  0  0 -6  6  0  0  5 -5  0  0  0  0  0  0  0  0
  0  0  0  0  0  0  0  0  0  0  0  0  0  0  0  0
  0.308177909675   0.727335106239

   1    8    3    3 
 3120 0132 0132 1230
   0    0    0    0 
  0  0  0  0 -1  0  0  1  0  0  0  0  1  0 -1  0
  0  0  0  0  0  0  0  0  0  0  0  0  0  0  0  0
  0  0  0  0  5  0  0 -5  0  1  0 -1 -6  1  5  0
  0  0  0  0  0  0  0  0  0  0  0  0  0  0  0  0
  0.641562344918   0.477866861524

   2    4    0    2 
 3012 0213 1023 0132
   0    0    0    0 
  0  0  0  0  0  0  0  0 -1  0  0  1  0  0  0  0
  0  0  0  0  0  0  0  0  0  0  0  0  0  0  0  0
  0  0  0  0  0  0  0  0  5  0  0 -5  1  0 -1  0
  0  0  0  0  0  0  0  0  0  0  0  0  0  0  0  0
  1.004493304607   1.339184251677

   5    0    3    7 
 2103 2103 0213 0321
   0    0    0    0 
  0  0  0  0  0  0  0  0  0 -1  0  1  0  0  0  0
  0  0  0  0  0  0  0  0  0  0  0  0  0  0  0  0
  0 -1  0  1  0  0  0  0 -1  6  0 -5  0  0  0  0
  0  0  0  0  0  0  0  0  0  0  0  0  0  0  0  0
  0.561437775776   1.300689775452

   1    8    4    6 
 0132 0213 2103 0132
   0    0    0    0 
  0  0  0  0  0  0  0  0  0  0  0  0  0  0  0  0
  0  0  0  0  0  0  0  0  0  0  0  0  0  0  0  0
  0 -1  1  0  0  0  0  0  0  0  0  0  0  0  0  0
  0  0  0  0  0  0  0  0  0  0  0  0  0  0  0  0
  0.774905976614   1.135158160930

   0    7    5    1 
 3012 0321 0132 3012
   0    0    0    0 
  0  0  0  0  1  0  0 -1  0 -1  0  1  0  0  0  0
  0  0  0  0  0  0  0  0  0  0  0  0  0  0  0  0
  0  0  0  0 -6  0  0  6  0  5  0 -5  0  0  0  0
  0  0  0  0  0  0  0  0  0  0  0  0  0  0  0  0
  0.656079414610   0.671332920144

   1    4    8    6 
 1230 0321 0132 0321
   0    0    0    0 
  0  0  0  0  0  0  0  0  0 -1  0  1  0  0  0  0
  0  0  0  0  0  0  0  0  0  0  0  0  0  0  0  0
  0 -1  1  0  0  0  0  0  0  5  0 -5  0  0  0  0
  0  0  0  0  0  0  0  0  0  0  0  0  0  0  0  0
 -0.546014117470   0.313322736698

   0    2    5    7 
 0132 0132 0213 0132
   0    0    0    0 
  0  0  0  0  0  0  0  0  0  0  0  0  0  0  0  0
  0  0  0  0  0  0  0  0  0  0  0  0  0  0  0  0
  0  0  1 -1  0  0  0  0  1 -1  0  0  1 -1  0  0
  0  0  0  0  0  0  0  0  0  0  0  0  0  0  0  0
  1.157734426444   1.973086306787

