% Triangulation
newlinks/L111394
geometric_solution  18.35558626
oriented_manifold
CS_unknown

1 0
    torus   0.000000000000  -0.000000000000

20
   3    2    6    1 
 1023 0132 2310 2031
   0    0    0    0 
  0  0  0  0  0  0  0  0  0  0  0  0  0  0  0  0
  0  0  0  0  0  0  0  0  0  0  0  0  0  0  0  0
  0  0  0  0  0  0  0  0  0  1  0 -1  0  0  0  0
  0  0  0  0  0  0  0  0  0  0  0  0  0  0  0  0
  0.038327619281   0.661132656710

  17    0   17    4 
 2103 1302 0213 2310
   0    0    0    0 
  0  0  1 -1  0  0  0  0 -1  0  0  1  0  0  0  0
  0  0  0  0  0  0  0  0  0  0  0  0  0  0  0  0
  0  0  6 -6  0  0  0  0 -6  0  0  6  0  1 -1  0
  0  0  0  0  0  0  0  0  0  0  0  0  0  0  0  0
  0.667848953109   1.044273184395

   9    0    3   11 
 0132 0132 0132 1230
   0    0    0    0 
  0  0  0  0  1  0 -1  0  0  0  0  0  0  0  0  0
  0  0  0  0  0  0  0  0  0  0  0  0  0  0  0  0
  0  0  0  0  5  0 -5  0  0  0  0  0  1 -1  0  0
  0  0  0  0  0  0  0  0  0  0  0  0  0  0  0  0
  0.238265707511   0.907547507032

   9    0   15    2 
 1023 1023 1302 0132
   0    0    0    0 
  0  0  0  0  0  0 -1  1  0  0  0  0  0  0  0  0
  0  0  0  0  0  0  0  0  0  0  0  0  0  0  0  0
  0  0  0  0  0  0 -5  5  0  0  0  0 -1  0  1  0
  0  0  0  0  0  0  0  0  0  0  0  0  0  0  0  0
 -0.617692417536   1.009431658400

   1   19   18    6 
 3201 0213 0213 1230
   0    0    0    0 
  0  0  0  0 -1  0  1  0  1  0  0 -1  0  0  0  0
  0  0  0  0  0  0  0  0  0  0  0  0  0  0  0  0
  0  0  0  0 -6  0  6  0  6  0  0 -6  0  0  0  0
  0  0  0  0  0  0  0  0  0  0  0  0  0  0  0  0
  0.488773549689   0.650878779976

  16   16    6   14 
 0132 1230 0132 2031
   0    0    0    0 
  0  0  0  0  0  0  0  0  0  0  0  0  0  0  0  0
  0  0  0  0  0  0  0  0  0  0  0  0  0  0  0  0
  0  0  0  0  0  0  0  0  0  1  0 -1  0  0  0  0
  0  0  0  0  0  0  0  0  0  0  0  0  0  0  0  0
  0.455850078545   0.844576247461

   4    0    7    5 
 3012 3201 3120 0132
   0    0    0    0 
  0  0  0  0  0  0  0  0  0  0  0  0  1  0 -1  0
  0  0  0  0  0  0  0  0  0  0  0  0  0  0  0  0
  0  0  0  0  0  0  0  0  0  0  0  0  6  0 -6  0
  0  0  0  0  0  0  0  0  0  0  0  0  0  0  0  0
 -0.954478522241   1.318070404006

  14    9    6   12 
 3012 0213 3120 2031
   0    0    0    0 
  0  0  1 -1  0  0  0  0  0  0  0  0  0  0  0  0
  0  0  0  0  0  0  0  0  0  0  0  0  0  0  0  0
  0  0  6 -6  1  0  0 -1  0  0  0  0 -1  1  0  0
  0  0  0  0  0  0  0  0  0  0  0  0  0  0  0  0
  1.123505531830   1.972821078331

  14    9   12   14 
 2031 0321 2103 1230
   0    0    0    0 
  0  0  1 -1  0  0  0  0  0  0  0  0  1 -1  0  0
  0  0  0  0  0  0  0  0  0  0  0  0  0  0  0  0
  0  0  6 -6 -1  0  0  1  1 -1  0  0  6 -5 -1  0
  0  0  0  0  0  0  0  0  0  0  0  0  0  0  0  0
  0.357605707599   0.587706949764

   2    3    7    8 
 0132 1023 0213 0321
   0    0    0    0 
  0  0  0  0 -1  0  0  1  0  0  0  0  0  0  0  0
  0  0  0  0  0  0  0  0  0  0  0  0  0  0  0  0
  0  0  0  0 -5  0  0  5 -1  0  0  1  0  1 -1  0
  0  0  0  0  0  0  0  0  0  0  0  0  0  0  0  0
  0.315958772066   1.322659043647

  16   13   17   11 
 3012 0213 2031 0132
   0    0    0    0 
  0  0  0  0 -1  0  0  1  0  0  0  0  0  0  0  0
  0  0  0  0  0  0  0  0  0  0  0  0  0  0  0  0
  0  0  0  0 -5  0  0  5  0  0  0  0  0 -1  1  0
  0  0  0  0  0  0  0  0  0  0  0  0  0  0  0  0
  0.767465966463   0.989030265762

   2   12   10   15 
 3012 0321 0132 0132
   0    0    0    0 
  0  0  0  0  0  0 -1  1  0  0  0  0  0  0  0  0
  0  0  0  0  0  0  0  0  0  0  0  0  0  0  0  0
  0  1  0 -1  0  0 -5  5  0  0  0  0  0  0  0  0
  0  0  0  0  0  0  0  0  0  0  0  0  0  0  0  0
  0.595419480710   0.388793801840

   8    7   13   11 
 2103 1302 0132 0321
   0    0    0    0 
  0  0  0  0  0  0  0  0 -1  1  0  0  0  0  0  0
  0  0  0  0  0  0  0  0  0  0  0  0  0  0  0  0
  0  1  0 -1  0  0  0  0 -6  6  0  0  1  0 -1  0
  0  0  0  0  0  0  0  0  0  0  0  0  0  0  0  0
 -0.411369223635   1.072335578156

  18   18   10   12 
 3012 0213 0213 0132
   0    0    0    0 
  0  0  0  0  0  0  0  0  0  0  0  0  0  0  0  0
  0  0  0  0  0  0  0  0  0  0  0  0  0  0  0  0
  0  0  0  0  0  0  0  0  0 -1  0  1 -1  0  1  0
  0  0  0  0  0  0  0  0  0  0  0  0  0  0  0  0
  0.397256651565   1.048346298502

   8    5    8    7 
 3012 1302 1302 1230
   0    0    0    0 
  0  0  0  0  1  0 -1  0  0  0  0  0  0  0  0  0
  0  0  0  0  0  0  0  0  0  0  0  0  0  0  0  0
  0  0  1 -1  6  0 -6  0 -1  0  0  1  0  1 -1  0
  0  0  0  0  0  0  0  0  0  0  0  0  0  0  0  0
  0.847407744999   0.775267506126

   3   19   11   19 
 2031 0321 0132 3120
   0    0    0    0 
  0  0  0  0  0  0 -1  1  0  0  0  0  1 -1  0  0
  0  0  0  0  0  0  0  0  0  0  0  0  0  0  0  0
  0  0  1 -1  0  0 -5  5 -1  0  0  1  5 -5  0  0
  0  0  0  0  0  0  0  0  0  0  0  0  0  0  0  0
  0.565232876260   0.760702776291

   5   18    5   10 
 0132 2031 3012 1230
   0    0    0    0 
  0 -1  0  1  0  0  0  0  0  0  0  0  0  0  0  0
  0  0  0  0  0  0  0  0  0  0  0  0  0  0  0  0
  0 -5  0  5  0  0  0  0  0  0  0  0  0  1 -1  0
  0  0  0  0  0  0  0  0  0  0  0  0  0  0  0  0
  0.505106986046   0.916913047277

  19    1    1   10 
 1302 0213 2103 1302
   0    0    0    0 
  0 -1  1  0  0  0  0  0  0  0  0  0  0  0  0  0
  0  0  0  0  0  0  0  0  0  0  0  0  0  0  0  0
  0 -6  6  0  1  0  0 -1  0  0  0  0 -1  1  0  0
  0  0  0  0  0  0  0  0  0  0  0  0  0  0  0  0
  0.565352114990   0.679631417938

  16    4   13   13 
 1302 0213 0213 1230
   0    0    0    0 
  0  0  0  0  0  0  0  0  1 -1  0  0  0  0  0  0
  0  0  0  0  0  0  0  0  0  0  0  0  0  0  0  0
  0  0  0  0 -1  0  1  0  5 -6  0  1  0  0  0  0
  0  0  0  0  0  0  0  0  0  0  0  0  0  0  0  0
  0.397256651565   1.048346298502

  15   17    4   15 
 3120 2031 0213 0321
   0    0    0    0 
  0  0  0  0 -1  0  0  1  0  0  0  0  0  0  0  0
  0  0  0  0  0  0  0  0  0  0  0  0  0  0  0  0
  0  0  0  0 -5  0  0  5 -1  1  0  0  1 -1  0  0
  0  0  0  0  0  0  0  0  0  0  0  0  0  0  0  0
  0.370674695293   0.846959769305

