% Triangulation
newlinks/L111342
geometric_solution  17.34948676
oriented_manifold
CS_unknown

1 0
    torus   0.000000000000   0.000000000000

19
   1    1   12    4 
 3201 2031 2310 2031
   0    0    0    0 
  0  0  0  0  0  0  0  0  1 -1  0  0  0  0  0  0
  0  0  0  0  0  0  0  0  0  0  0  0  0  0  0  0
  0  1 -1  0 -1  0  0  1 13 -13  0  0  0  1 -1  0
  0  0  0  0  0  0  0  0  0  0  0  0  0  0  0  0
  0.815559235455   0.869766723193

   0   13    2    0 
 1302 1023 0321 2310
   0    0    0    0 
  0  1  0 -1  0  0  0  0  0  0  0  0  1  0 -1  0
  0  0  0  0  0  0  0  0  0  0  0  0  0  0  0  0
  0 13  0 -13 -1  0  1  0 -1  0  0  1 13  0 -13  0
  0  0  0  0  0  0  0  0  0  0  0  0  0  0  0  0
  0.233317946588   1.100256694158

  16    3    1    5 
 0132 1023 0321 3120
   0    0    0    0 
  0  1  0 -1  0  0  1 -1 -1  0  0  1  0  0  0  0
  0  0  0  0  0  0  0  0  0  0  0  0  0  0  0  0
  0 14  0 -14  0  0 13 -13 -14  0  0 14  0  1 -1  0
  0  0  0  0  0  0  0  0  0  0  0  0  0  0  0  0
  0.179330257337   1.104800175207

   2    6   16   10 
 1023 0132 0132 1302
   0    0    0    0 
  0  0  0  0 -1  0  1  0  0  0  0  0  0  0  0  0
  0  0  0  0  0  0  0  0  0  0  0  0  0  0  0  0
  0 -1  1  0 -14  0 14  0  0  0  0  0 -1  1  0  0
  0  0  0  0  0  0  0  0  0  0  0  0  0  0  0  0
  0.303051826174   0.753015147564

  13    0    5   11 
 1023 1302 0213 1023
   0    0    0    0 
  0  0  0  0  0  0  0  0  0  0  0  0  0  0  0  0
  0  0  0  0  0  0  0  0  0  0  0  0  0  0  0  0
  0 -1  1  0  1  0 -1  0  0  0  0  0  0  0  0  0
  0  0  0  0  0  0  0  0  0  0  0  0  0  0  0  0
 -0.308612412789   1.227576456812

   2    4    7    6 
 3120 0213 0132 0132
   0    0    0    0 
  0  0  0  0  1  0  0 -1 -1  0  0  1  1  0 -1  0
  0  0  0  0  0  0  0  0  0  0  0  0  0  0  0  0
  0 -1  0  1 13  0  0 -13 -14  1  0 13 14  0 -14  0
  0  0  0  0  0  0  0  0  0  0  0  0  0  0  0  0
 -0.011045595368   1.051850682684

  17    3    5    9 
 2031 0132 0132 0132
   0    0    0    0 
  0  0  0  0  0  0  1 -1  0  0  0  0  1  0 -1  0
  0  0  0  0  0  0  0  0  0  0  0  0  0  0  0  0
  0  1 -1  0  0  0 13 -13  0 -1  0  1 13  0 -13  0
  0  0  0  0  0  0  0  0  0  0  0  0  0  0  0  0
  0.101213871132   0.747772585015

  14   12    8    5 
 0213 3012 0132 0132
   0    0    0    0 
  0  0  0  0  0  0  0  0 -1  0  0  1  0  0  0  0
  0  0  0  0  0  0  0  0  0  0  0  0  0  0  0  0
  0  0  0  0  0  0  0  0 -14  0  0 14 -1  1  0  0
  0  0  0  0  0  0  0  0  0  0  0  0  0  0  0  0
  0.756132895807   1.063031732681

  18   11    9    7 
 2103 1023 0132 0132
   0    0    0    0 
  0  0  0  0  0  0  0  0  0  0  0  0  1 -1  0  0
  0  0  0  0  0  0  0  0  0  0  0  0  0  0  0  0
  0  0  0  0  0  0  0  0  0  0  0  0 13 -13  0  0
  0  0  0  0  0  0  0  0  0  0  0  0  0  0  0  0
  0.212967040267   0.410988638758

  18   14    6    8 
 1230 0213 0132 0132
   0    0    0    0 
  0  0  0  0 -1  0  1  0 -1  1  0  0  0  0  0  0
  0  0  0  0  0  0  0  0  0  0  0  0  0  0  0  0
  0  0  0  0 -13  0 13  0 -14 14  0  0  0  1 -1  0
  0  0  0  0  0  0  0  0  0  0  0  0  0  0  0  0
  0.716189546445   1.959547311311

  14   13    3   11 
 3012 0213 2031 0132
   0    0    0    0 
  0  0  0  0  0  0  0  0  0  0  0  0  0  0  0  0
  0  0  0  0  0  0  0  0  0  0  0  0  0  0  0  0
  0  0  0  0  0  0  0  0  0  0  0  0  0  0  0  0
  0  0  0  0  0  0  0  0  0  0  0  0  0  0  0  0
  0.595582063555   0.912483887286

   8   12   10    4 
 1023 0321 0132 1023
   0    0    0    0 
  0  0  0  0  0  0  0  0  0  0  0  0  1 -1  0  0
  0  0  0  0  0  0  0  0  0  0  0  0  0  0  0  0
  0  0  0  0  0  0  0  0  0  0  0  0 13 -13  0  0
  0  0  0  0  0  0  0  0  0  0  0  0  0  0  0  0
  0.471211709055   0.518305461764

   7    0   13   11 
 1230 3201 0132 0321
   0    0    0    0 
  0  0  0  0  0  0 -1  1  0  0  0  0  0  0  0  0
  0  0  0  0  0  0  0  0  0  0  0  0  0  0  0  0
  0  1 -1  0  0  0 -13 13 -1  1  0  0  0  0  0  0
  0  0  0  0  0  0  0  0  0  0  0  0  0  0  0  0
 -0.422334527011   1.451717955587

   1    4   10   12 
 1023 1023 0213 0132
   0    0    0    0 
  0  0  0  0 -1  0  0  1  0  0  0  0  0  0  0  0
  0  0  0  0  0  0  0  0  0  0  0  0  0  0  0  0
  0 -1  0  1 -13  0  0 13  0  0  0  0  0  0  0  0
  0  0  0  0  0  0  0  0  0  0  0  0  0  0  0  0
 -0.106661628268   0.615353003398

   7   15    9   10 
 0213 0321 0213 1230
   0    0    0    0 
  0  0  0  0  1  0 -1  0  0  0  0  0  0  0  0  0
  0  0  0  0  0  0  0  0  0  0  0  0  0  0  0  0
  0  0  0  0 14  0 -14  0  0  0  0  0  1  0 -1  0
  0  0  0  0  0  0  0  0  0  0  0  0  0  0  0  0
  0.044252765422   0.833271280521

  18   16   17   14 
 3012 0213 2310 0321
   0    0    0    0 
  0  0  0  0  0  0  0  0  1 -1  0  0  0  1 -1  0
  0  0  0  0  0  0  0  0  0  0  0  0  0  0  0  0
  0  0  0  0  0  0  0  0 14 -14  0  0  0 14 -14  0
  0  0  0  0  0  0  0  0  0  0  0  0  0  0  0  0
  1.151117281657   0.996417252895

   2   17   15    3 
 0132 2031 0213 0132
   0    0    0    0 
  0  0  0  0  0  0  1 -1  0  0  0  0  1  0 -1  0
  0  0  0  0  0  0  0  0  0  0  0  0  0  0  0  0
  0  1  0 -1  0  0 14 -14  0  0  0  0 14  0 -14  0
  0  0  0  0  0  0  0  0  0  0  0  0  0  0  0  0
  0.106377616911   1.567708696342

  16   15    6   18 
 1302 3201 1302 1230
   0    0    0    0 
  0  1  0 -1  0  0 -1  1  0  0  0  0  0  0  0  0
  0  0  0  0  0  0  0  0  0  0  0  0  0  0  0  0
  0 14  0 -14  0  0 -13 13 -1  0  0  1  0  0  0  0
  0  0  0  0  0  0  0  0  0  0  0  0  0  0  0  0
  0.208745241555   0.730977944884

  17    9    8   15 
 3012 3012 2103 1230
   0    0    0    0 
  0  0  0  0  1  0  0 -1 -1  1  0  0  0  1 -1  0
  0  0  0  0  0  0  0  0  0  0  0  0  0  0  0  0
  0  0  0  0 14  0  0 -14 -13 13  0  0 -1 14 -13  0
  0  0  0  0  0  0  0  0  0  0  0  0  0  0  0  0
  0.424504127356   0.937779489919

