% Triangulation
newlinks/L111163
geometric_solution  13.75907055
oriented_manifold
CS_unknown

1 0
    torus   0.000000000000   0.000000000000

15
   1    2    4    7 
 0213 3012 1302 2031
   0    0    0    0 
  0 -1  0  1  0  0  0  0  0  0  0  0  0  0  0  0
  0  0  0  0  0  0  0  0  0  0  0  0  0  0  0  0
  0 -9  0  9  0  0  0  0  1  0  0 -1  1  0 -1  0
  0  0  0  0  0  0  0  0  0  0  0  0  0  0  0  0
  0.168043376481   0.541086188784

   0    5    5    2 
 0213 3012 0132 0132
   0    0    0    0 
  0  0  0  0  0  0  0  0  0 -1  0  1  0  0  0  0
  0  0  0  0  0  0  0  0  0  0  0  0  0  0  0  0
  0  0  0  0 -1  0  1  0  0 -9  0  9 -1  0  1  0
  0  0  0  0  0  0  0  0  0  0  0  0  0  0  0  0
  0.712521262206   1.157486748783

   0   13    1    4 
 1230 0132 0132 0321
   0    0    0    0 
  0  0  0  0  0  0  0  0  0  0  0  0  1  0 -1  0
  0  0  0  0  0  0  0  0  0  0  0  0  0  0  0  0
  0  0  0  0  0  0  0  0  0  0  0  0  9  0 -9  0
  0  0  0  0  0  0  0  0  0  0  0  0  0  0  0  0
 -0.377635785091   0.707505996330

  11    5   12    4 
 3120 0213 0321 0132
   0    0    0    0 
  0 -1  0  1 -1  0  0  1 -1  1  0  0 -1  0  1  0
  0  0  0  0  0  0  0  0  0  0  0  0  0  0  0  0
  0 -9  0  9 -8  0  0  8 -8  8  0  0 -8  0  8  0
  0  0  0  0  0  0  0  0  0  0  0  0  0  0  0  0
  0.277787536624   0.778618878485

   0    2    3   13 
 2031 0321 0132 1230
   0    0    0    0 
  0  0 -1  1  0  0 -1  1  0  0  0  0  0  0  0  0
  0  0  0  0  0  0  0  0  0  0  0  0  0  0  0  0
  0  0 -9  9  0  0 -8  8  1  0  0 -1  0  0  0  0
  0  0  0  0  0  0  0  0  0  0  0  0  0  0  0  0
  0.700028841185   0.576829115103

   1   10    3    1 
 1230 1302 0213 0132
   0    0    0    0 
  0 -1  1  0  1  0 -1  0  0  0  0  0  0  0  0  0
  0  0  0  0  0  0  0  0  0  0  0  0  0  0  0  0
  0 -9  9  0  9  0 -8 -1  0  1  0 -1  0  0  0  0
  0  0  0  0  0  0  0  0  0  0  0  0  0  0  0  0
  0.712521262206   1.157486748783

   9   11    7   14 
 0321 2031 0132 3201
   0    0    0    0 
  0  0  0  0  0  0  0  0 -1  0  0  1  1  0 -1  0
  0  0  0  0  0  0  0  0  0  0  0  0  0  0  0  0
  0  0  0  0  0  0  0  0 -8  0  0  8  9  0 -9  0
  0  0  0  0  0  0  0  0  0  0  0  0  0  0  0  0
  0.246246925939   1.351431261996

   8    0    8    6 
 1302 1302 0132 0132
   0    0    0    0 
  0  0  0  0 -1  0  1  0  0 -1  0  1  0  0  0  0
  0  0  0  0  0  0  0  0  0  0  0  0  0  0  0  0
  0  0  0  0 -9  0  9  0  0 -9  0  9 -1  1  0  0
  0  0  0  0  0  0  0  0  0  0  0  0  0  0  0  0
  0.274415884750   0.871814394910

   9    7   14    7 
 1302 2031 3201 0132
   0    0    0    0 
  0  0  0  0  1  0  0 -1  0  0  0  0  0  1 -1  0
  0  0  0  0  0  0  0  0  0  0  0  0  0  0  0  0
  0  0  0  0  8  0  1 -9 -1  1  0  0  0  9 -9  0
  0  0  0  0  0  0  0  0  0  0  0  0  0  0  0  0
  0.274415884750   0.871814394910

   6    8   10   10 
 0321 2031 0213 0132
   0    0    0    0 
  0  0  0  0 -1  0  0  1  1  0  0 -1  0 -1  1  0
  0  0  0  0  0  0  0  0  0  0  0  0  0  0  0  0
  0  1 -1  0 -9  0  0  9  8  0  0 -8  0 -8  8  0
  0  0  0  0  0  0  0  0  0  0  0  0  0  0  0  0
  0.614324291984   0.626527999983

  12    9    9    5 
 0132 0213 0132 2031
   0    0    0    0 
  0  0  0  0  0  0 -1  1  0  0  0  0  0 -1  1  0
  0  0  0  0  0  0  0  0  0  0  0  0  0  0  0  0
  0  1  0 -1  0  0 -9  9  0  0  0  0  0 -8  8  0
  0  0  0  0  0  0  0  0  0  0  0  0  0  0  0  0
  0.712521262206   1.157486748783

   6   13   12    3 
 1302 0321 0132 3120
   0    0    0    0 
  0  0 -1  1  0  0 -1  1  0 -1  0  1  0  0  0  0
  0  0  0  0  0  0  0  0  0  0  0  0  0  0  0  0
  0  0 -8  8  0  0 -8  8  0 -8  0  8  0  0  0  0
  0  0  0  0  0  0  0  0  0  0  0  0  0  0  0  0
  0.575250433073   0.675996483989

  10   14    3   11 
 0132 0213 0321 0132
   0    0    0    0 
  0 -1  0  1  0  0 -1  1  0  0  0  0  0  0  0  0
  0  0  0  0  0  0  0  0  0  0  0  0  0  0  0  0
  0 -8  0  8  0  0 -8  8  0  0  0  0  0  0  0  0
  0  0  0  0  0  0  0  0  0  0  0  0  0  0  0  0
  0.640351127720   0.690363988695

   4    2   14   11 
 3012 0132 0132 0321
   0    0    0    0 
  0  0  0  0 -1  0  1  0 -1  0  0  1  0  0  0  0
  0  0  0  0  0  0  0  0  0  0  0  0  0  0  0  0
  0  0  0  0 -9  0  9  0 -8  0  0  8  1  0 -1  0
  0  0  0  0  0  0  0  0  0  0  0  0  0  0  0  0
  0.005070677786   0.993129458056

   8    6   12   13 
 2310 2310 0213 0132
   0    0    0    0 
  0 -1  1  0  1  0  0 -1  0  0  0  0  0  0  0  0
  0  0  0  0  0  0  0  0  0  0  0  0  0  0  0  0
  0 -8  8  0  9  0  0 -9 -1  0  0  1  0  0  0  0
  0  0  0  0  0  0  0  0  0  0  0  0  0  0  0  0
 -0.619108372540   0.613280472781

