% Triangulation
newlinks/L111276
geometric_solution  4.76988960
oriented_manifold
CS_unknown

1 0
    torus   0.000000000000  -0.000000000000

6
   1    1    3    3 
 2103 3012 0132 2310
   0    0    0    0 
  0  0  0  0  0  0  1 -1  0  0  0  0  0 -1  1  0
  0  0  0  0  0  0  0  0  0  0  0  0  0  0  0  0
  0  0  0  0  0  0 -9  9 -1  0  0  1  0  8 -8  0
  0  0  0  0  0  0  0  0  0  0  0  0  0  0  0  0
  1.244843196829   0.958626091140

   0    5    0    5 
 1230 3012 2103 0321
   0    0    0    0 
  0  0  0  0  0  0  0  0  1 -1  0  0  0  0  0  0
  0  0  0  0  0  0  0  0  0  0  0  0  0  0  0  0
  0  0  1 -1  0  0  0  0 -8  8  0  0  0  0  0  0
  0  0  0  0  0  0  0  0  0  0  0  0  0  0  0  0
  0.495728785832   0.388328059424

   2    5    2    3 
 2031 0213 1302 0132
   0    0    0    0 
  0  0  0  0  0  0  1 -1 -1  1  0  0 -1  0  1  0
  0  0  0  0  0  0  0  0  0  0  0  0  0  0  0  0
  0  0  0  0  0  0 -8  8  8 -8  0  0  8  0 -8  0
  0  0  0  0  0  0  0  0  0  0  0  0  0  0  0  0
  0.635987431097   0.399663569497

   0    4    2    0 
 3201 0321 0132 0132
   0    0    0    0 
  0  0  0  0  0  0  1 -1  0  1  0 -1  1 -1  0  0
  0  0  0  0  0  0  0  0  0  0  0  0  0  0  0  0
  0  0  0  0 -1  0 -8  9  0 -8  0  8 -9  9  0  0
  0  0  0  0  0  0  0  0  0  0  0  0  0  0  0  0
  0.661860125022   0.301752238486

   4    4    5    3 
 1302 2031 0132 0321
   0    0    0    0 
  0  0  0  0 -1  0  0  1  0  1  0 -1 -1  1  0  0
  0  0  0  0  0  0  0  0  0  0  0  0  0  0  0  0
  0 -1  1  0  9  0  0 -9  1 -9  0  8  9 -9  0  0
  0  0  0  0  0  0  0  0  0  0  0  0  0  0  0  0
  0.125348003831   1.386958727574

   1    1    2    4 
 1230 0321 0213 0132
   0    0    0    0 
  0  0  0  0  1  0 -1  0  0  0  0  0  0  0  0  0
  0  0  0  0  0  0  0  0  0  0  0  0  0  0  0  0
  0  1  0 -1 -8  0  8  0  0  0  0  0  0  0  0  0
  0  0  0  0  0  0  0  0  0  0  0  0  0  0  0  0
 -0.250885589003   0.570298031716

