% Triangulation
newlinks/L111229
geometric_solution  9.48716106
oriented_manifold
CS_unknown

1 0
    torus   0.000000000000  -0.000000000000

10
   7    1    1    2 
 0132 1230 0132 1023
   0    0    0    0 
  0  1  0 -1  0  0 -1  1  0  0  0  0  1 -1  0  0
  0  0  0  0  0  0  0  0  0  0  0  0  0  0  0  0
  0 -3  0  3  1  0  3 -4  0  1  0 -1 -4  4  0  0
  0  0  0  0  0  0  0  0  0  0  0  0  0  0  0  0
  0.485628443694   0.569683239905

   5    2    0    0 
 3201 0213 3012 0132
   0    0    0    0 
  0 -1  1  0  0  0 -1  1  0  0  0  0  0  0  0  0
  0  0  0  0  0  0  0  0  0  0  0  0  0  0  0  0
  0  4 -4  0  0  0  3 -3 -1  1  0  0  1  0 -1  0
  0  0  0  0  0  0  0  0  0  0  0  0  0  0  0  0
  0.133385093241   1.016612585698

   7    5    1    0 
 1230 2031 0213 1023
   0    0    0    0 
  0  0  1 -1 -1  0  0  1  0  0  0  0  0  0  0  0
  0  0  0  0  0  0  0  0  0  0  0  0  0  0  0  0
  0  0 -4  4  4  0 -1 -3  0 -1  0  1  0  0  0  0
  0  0  0  0  0  0  0  0  0  0  0  0  0  0  0  0
 -0.172768621211   1.688640252962

   6    4    7    9 
 2031 3012 1230 1230
   0    0    0    0 
  0  0  0  0  0  0  0  0  0  0  0  0  0  0  0  0
  0  0  0  0  0  0  0  0  0  0  0  0  0  0  0  0
  0  0  0  0  0  0  0  0  0  1  0 -1  0  0  0  0
  0  0  0  0  0  0  0  0  0  0  0  0  0  0  0  0
  0.547319378478   0.704203991486

   3    9    8    6 
 1230 1230 1302 2031
   0    0    0    0 
  0  0  0  0  0  0  0  0  0  0  0  0  0  0  0  0
  0  0  0  0  0  0  0  0  0  0  0  0  0  0  0  0
  0  0  0  0 -1  0  0  1  0  0  0  0  0  0  0  0
  0  0  0  0  0  0  0  0  0  0  0  0  0  0  0  0
 -0.124453427672   1.305647816151

   2    9    6    1 
 1302 2310 0132 2310
   0    0    0    0 
  0  0  0  0  0  0  0  0  0  0  0  0  0  0  0  0
  0  0  0  0  0  0  0  0  0  0  0  0  0  0  0  0
  0  0 -1  1  0  0  1 -1  0  0  0  0  1 -1  0  0
  0  0  0  0  0  0  0  0  0  0  0  0  0  0  0  0
  0.699099509385   0.957351152116

   8    4    3    5 
 1023 1302 1302 0132
   0    0    0    0 
  0  0  0  0  0  0  0  0  0  0  0  0  0  0  0  0
  0  0  0  0  0  0  0  0  0  0  0  0  0  0  0  0
  0 -1  0  1  1  0  0 -1  0  0  0  0  0  0  0  0
  0  0  0  0  0  0  0  0  0  0  0  0  0  0  0  0
  0.645927170166   1.004824306176

   0    2    8    3 
 0132 3012 0132 3012
   0    0    0    0 
  0  0  0  0  0  0  0  0 -1  1  0  0  0  0  0  0
  0  0  0  0  0  0  0  0  0  0  0  0  0  0  0  0
  0  0  0  0 -1  0  1  0  4 -4  0  0  0  0  0  0
  0  0  0  0  0  0  0  0  0  0  0  0  0  0  0  0
  0.502512818593   0.681261994736

   4    6    9    7 
 2031 1023 3012 0132
   0    0    0    0 
  0  0  0  0  0  0  0  0  0  0  0  0  0  0  0  0
  0  0  0  0  0  0  0  0  0  0  0  0  0  0  0  0
  0 -1  1  0  0  0  1 -1  0  0  0  0  0  0  0  0
  0  0  0  0  0  0  0  0  0  0  0  0  0  0  0  0
  0.410424127097   1.382886056910

   3    8    4    5 
 3012 1230 3012 3201
   0    0    0    0 
  0  0  0  0  0  0  0  0  0  0  0  0  0  0  0  0
  0  0  0  0  0  0  0  0  0  0  0  0  0  0  0  0
  0 -1  0  1  0  0  0  0  0  0  0  0  1 -1  0  0
  0  0  0  0  0  0  0  0  0  0  0  0  0  0  0  0
  0.802758638425   0.664586486902

