% Triangulation
newlinks/L111534
geometric_solution  10.26133186
oriented_manifold
CS_unknown

1 0
    torus   0.000000000000  -0.000000000000

12
   5    6    1    2 
 0132 3120 1302 3012
   0    0    0    0 
  0  0  0  0  1  0  0 -1  0  0  0  0 -1  1  0  0
  0  0  0  0  0  0  0  0  0  0  0  0  0  0  0  0
  0  0  0  0 17  0  0 -17 -1  0  0  1 -17 17  0  0
  0  0  0  0  0  0  0  0  0  0  0  0  0  0  0  0
  0.711160160620   0.554358362158

   0    6    7    2 
 2031 2031 1230 1230
   0    0    0    0 
  0  0  0  0  0  0  0  0  0  0  0  0  0 -1  1  0
  0  0  0  0  0  0  0  0  0  0  0  0  0  0  0  0
  0  0  0  0  0  0  0  0  0  0  0  0  0 -16 16  0
  0  0  0  0  0  0  0  0  0  0  0  0  0  0  0  0
  0.896627386140   0.659750762610

   1    8    0    7 
 3012 0213 1230 0132
   0    0    0    0 
  0 -1  1  0  0  0  0  0  0  0  0  0  0  0  0  0
  0  0  0  0  0  0  0  0  0  0  0  0  0  0  0  0
  0 -17 17  0  0  0 -1  1  0  0  0  0  0  0  0  0
  0  0  0  0  0  0  0  0  0  0  0  0  0  0  0  0
  1.154421695310   1.203079189555

   4    6    8    4 
 3120 0213 3201 0132
   0    0    0    0 
  0  0  0  0  0  0  0  0 -1  1  0  0  0  0  0  0
  0  0  0  0  0  0  0  0  0  0  0  0  0  0  0  0
  0  0  1 -1  0  0 -1  1 -16 16  0  0  0  0  0  0
  0  0  0  0  0  0  0  0  0  0  0  0  0  0  0  0
  0.865654000227   0.785631998444

   5    5    3    3 
 1302 0321 0132 3120
   0    0    0    0 
  0  0  0  0  0  0  0  0 -1  0  0  1  1 -1  0  0
  0  0  0  0  0  0  0  0  0  0  0  0  0  0  0  0
  0 -1  1  0  1  0 -1  0 -16  0  0 16 17 -17  0  0
  0  0  0  0  0  0  0  0  0  0  0  0  0  0  0  0
  0.366551907947   0.574891458180

   0    4    6    4 
 0132 2031 0132 0321
   0    0    0    0 
  0  1 -1  0 -1  0  0  1  1 -1  0  0  0  0  0  0
  0  0  0  0  0  0  0  0  0  0  0  0  0  0  0  0
  0 16 -17  1 -17  0  0 17 17 -17  0  0  1 -1  0  0
  0  0  0  0  0  0  0  0  0  0  0  0  0  0  0  0
  0.211479753809   1.236696752382

   1    0    3    5 
 1302 3120 0213 0132
   0    0    0    0 
  0 -1  0  1  1  0 -1  0  0  0  0  0  0  0  0  0
  0  0  0  0  0  0  0  0  0  0  0  0  0  0  0  0
  0 -17  0 17 16  0 -16  0  0  0  0  0  0  0  0  0
  0  0  0  0  0  0  0  0  0  0  0  0  0  0  0  0
 -0.246337371070   0.442366668855

  10    9    2    1 
 1302 0321 0132 3012
   0    0    0    0 
  0  1  0 -1  0  0  0  0  0  0  0  0  0  0  0  0
  0  0  0  0  0  0  0  0  0  0  0  0  0  0  0  0
  0 16  0 -16  1  0 -1  0  1 -1  0  0  0  0  0  0
  0  0  0  0  0  0  0  0  0  0  0  0  0  0  0  0
  0.238800054516   0.773805800663

   3   10    2    9 
 2310 3201 0213 0132
   0    0    0    0 
  0 -1  1  0  0  0  0  0  0  0  0  0  0  0  0  0
  0  0  0  0  0  0  0  0  0  0  0  0  0  0  0  0
  0 -17 17  0  0  0  0  0  1 -1  0  0 -1  1  0  0
  0  0  0  0  0  0  0  0  0  0  0  0  0  0  0  0
  0.635865000121   1.179940162501

  11   10    8    7 
 3120 3012 0132 0321
   0    0    0    0 
  0  1  0 -1  0  0  0  0  0  0  0  0  0  0  0  0
  0  0  0  0  0  0  0  0  0  0  0  0  0  0  0  0
  0 16  0 -16  0  0  0  0  0 -1  0  1  0  0  0  0
  0  0  0  0  0  0  0  0  0  0  0  0  0  0  0  0
 -0.512047231401   0.440028043879

   9    7    8   11 
 1230 2031 2310 0132
   0    0    0    0 
  0  0  0  0  0  0  0  0  0  0  0  0 -1  0  1  0
  0  0  0  0  0  0  0  0  0  0  0  0  0  0  0  0
  0 -1  1  0  1  0 -1  0  0  0  0  0 -16 -1 17  0
  0  0  0  0  0  0  0  0  0  0  0  0  0  0  0  0
  1.067249779769   0.525120166676

  11   11   10    9 
 1230 3012 0132 3120
   0    0    0    0 
  0  0  0  0  0  0  0  0  0  0  0  0  0  0  0  0
  0  0  0  0  0  0  0  0  0  0  0  0  0  0  0  0
  0  0  0  0  0  0  0  0  0  0  0  0  0  0  0  0
  0  0  0  0  0  0  0  0  0  0  0  0  0  0  0  0
  0.924516847005   0.542956080065

