% Triangulation
newlinks/L111301
geometric_solution  8.61249396
oriented_manifold
CS_unknown

1 0
    torus   0.000000000000   0.000000000000

10
   9    1    2    6 
 1023 0132 2103 1230
   0    0    0    0 
  0  0  0  0  0  0  0  0  0  0  0  0  0  0  0  0
  0  0  0  0  0  0  0  0  0  0  0  0  0  0  0  0
  0  0  0  0  0  0  1 -1  0 -1  0  1  0 -1  1  0
  0  0  0  0  0  0  0  0  0  0  0  0  0  0  0  0
  0.462197092865   0.843014825933

   5    0    7    9 
 1230 0132 3201 0132
   0    0    0    0 
  0  0  0  0  0  0  0  0  0  0  0  0  0  0  0  0
  0  0  0  0  0  0  0  0  0  0  0  0  0  0  0  0
  0  0  0  0  0  0  0  0 -1  1  0  0  0  1 -1  0
  0  0  0  0  0  0  0  0  0  0  0  0  0  0  0  0
  0.019417179029   0.708208890449

   0    8    8    3 
 2103 1023 0213 0132
   0    0    0    0 
  0  0 -1  1  0  0  0  0  0  0  0  0  0  0  0  0
  0  0  0  0  0  0  0  0  0  0  0  0  0  0  0  0
  0  0 -7  7 -1  0  1  0  0 -1  0  1 -1  0  1  0
  0  0  0  0  0  0  0  0  0  0  0  0  0  0  0  0
  0.277856336417   0.989586089783

   6    5    2    4 
 1230 2031 0132 0132
   0    0    0    0 
  0  1 -1  0  0  0  0  0 -1  0  0  1  0  0  0  0
  0  0  0  0  0  0  0  0  0  0  0  0  0  0  0  0
  0  7 -7  0  0  0  0  0 -8  1  0  7  0  1 -1  0
  0  0  0  0  0  0  0  0  0  0  0  0  0  0  0  0
 -0.108044610685   0.530229756150

   9    9    3    7 
 3012 2031 0132 0321
   0    0    0    0 
  0 -1  0  1  0  0  0  0  0  0  0  0  1  0 -1  0
  0  0  0  0  0  0  0  0  0  0  0  0  0  0  0  0
  0 -7  0  7  0  0  0  0  0  0  0  0  7  0 -7  0
  0  0  0  0  0  0  0  0  0  0  0  0  0  0  0  0
  0.368389447745   0.710215568257

   3    1    7    6 
 1302 3012 0132 0132
   0    0    0    0 
  0  0  0  0  0  0  0  0 -1  0  0  1  0  0  0  0
  0  0  0  0  0  0  0  0  0  0  0  0  0  0  0  0
  0  0  0  0 -1  0  1  0 -7  0  0  7 -1  1  0  0
  0  0  0  0  0  0  0  0  0  0  0  0  0  0  0  0
  0.689629533004   1.341579281640

   0    3    5    8 
 3012 3012 0132 0132
   0    0    0    0 
  0  0  0  0  0  0  0  0  0  0  0  0  0  1 -1  0
  0  0  0  0  0  0  0  0  0  0  0  0  0  0  0  0
  0  0  0  0  0  0  0  0  1  0  0 -1 -1  8 -7  0
  0  0  0  0  0  0  0  0  0  0  0  0  0  0  0  0
 -0.700169810427   0.616383356455

   1    4    8    5 
 2310 0321 0132 0132
   0    0    0    0 
  0 -1  1  0  0  0  0  0  0  0  0  0  0  0  0  0
  0  0  0  0  0  0  0  0  0  0  0  0  0  0  0  0
  0 -7  7  0  1  0  0 -1  0  0  0  0  0  0  0  0
  0  0  0  0  0  0  0  0  0  0  0  0  0  0  0  0
 -0.171943432539   0.570939380925

   2    2    6    7 
 1023 0213 0132 0132
   0    0    0    0 
  0  1  0 -1  0  0  0  0  0  0  0  0  0  0  0  0
  0  0  0  0  0  0  0  0  0  0  0  0  0  0  0  0
  0  7  0 -7  0  0  0  0  1 -1  0  0  0 -1  1  0
  0  0  0  0  0  0  0  0  0  0  0  0  0  0  0  0
  0.736999203797   0.936678043338

   4    0    1    4 
 1302 1023 0132 1230
   0    0    0    0 
  0  0  0  0  0  0  0  0  1  0  0 -1  0  0  0  0
  0  0  0  0  0  0  0  0  0  0  0  0  0  0  0  0
  0  0  0  0  0  0  0  0  7  0  0 -7  0  0  0  0
  0  0  0  0  0  0  0  0  0  0  0  0  0  0  0  0
 -0.199544158428   1.982665711386

