% Triangulation
newlinks/L111246
geometric_solution  12.16998529
oriented_manifold
CS_unknown

1 0
    torus   0.000000000000   0.000000000000

14
   1    1    4   13 
 0321 3120 2310 3120
   0    0    0    0 
  0  0  0  0  0  0  1 -1  0  0  0  0  0  0  0  0
  0  0  0  0  0  0  0  0  0  0  0  0  0  0  0  0
  0  0  0  0  0  0 -7  7  1  0  0 -1  0 -1  1  0
  0  0  0  0  0  0  0  0  0  0  0  0  0  0  0  0
  0.578792594570   0.514533277194

   0    0    9   11 
 0321 3120 0213 0213
   0    0    0    0 
  0  0  0  0  0  0  0  0  0  0  0  0  0  0  0  0
  0  0  0  0  0  0  0  0  0  0  0  0  0  0  0  0
  0  1  0 -1  0  0  0  0 -1  0  0  1  0  0  0  0
  0  0  0  0  0  0  0  0  0  0  0  0  0  0  0  0
  0.578792594570   0.514533277194

  12   10    7    7 
 3120 2031 1302 3201
   0    0    0    0 
  0  0  0  0  1  0  0 -1  0  0  0  0 -1  1  0  0
  0  0  0  0  0  0  0  0  0  0  0  0  0  0  0  0
  0  0  0  0 -6  0  0  6  1  0  0 -1  7 -7  0  0
  0  0  0  0  0  0  0  0  0  0  0  0  0  0  0  0
  1.262237637636   0.832049070286

  13    6    8    9 
 2310 0132 0132 0132
   0    0    0    0 
  0  0  0  0  1  0 -1  0  0  1  0 -1  0  1 -1  0
  0  0  0  0  0  0  0  0  0  0  0  0  0  0  0  0
  0  0  0  0 -7  0  7  0  0 -6  0  6  0 -7  7  0
  0  0  0  0  0  0  0  0  0  0  0  0  0  0  0  0
 -0.048816159094   1.724717177133

  11    0    5    6 
 2031 3201 0132 0132
   0    0    0    0 
  0  0  0  0  1  0  0 -1  1  0  0 -1  1 -1  0  0
  0  0  0  0  0  0  0  0  0  0  0  0  0  0  0  0
  0 -1  1  0 -6  0  0  6 -6  0  0  6 -7  7  0  0
  0  0  0  0  0  0  0  0  0  0  0  0  0  0  0  0
  0.258631162573   0.803612720514

  11    9    7    4 
 0213 2031 0132 0132
   0    0    0    0 
  0  0  0  0  0  0  0  0 -1  1  0  0 -1  0  1  0
  0  0  0  0  0  0  0  0  0  0  0  0  0  0  0  0
  0  0  1 -1  0  0  0  0  6 -6  0  0  6  0 -6  0
  0  0  0  0  0  0  0  0  0  0  0  0  0  0  0  0
  0.918611002949   2.760878336987

  12    3    4    7 
 2103 0132 0132 0132
   0    0    0    0 
  0  0  0  0 -1  0  1  0  1 -1  0  0  0 -1  1  0
  0  0  0  0  0  0  0  0  0  0  0  0  0  0  0  0
  0  0  0  0  6  0 -6  0 -7  7  0  0  0  6 -6  0
  0  0  0  0  0  0  0  0  0  0  0  0  0  0  0  0
 -0.204149443153   0.782480624724

   2    2    6    5 
 2031 2310 0132 0132
   0    0    0    0 
  0  0  0  0  0  0  0  0  0  1  0 -1  0  0  0  0
  0  0  0  0  0  0  0  0  0  0  0  0  0  0  0  0
  0  1  0 -1  0  0  0  0  0 -6  0  6  0  0  0  0
  0  0  0  0  0  0  0  0  0  0  0  0  0  0  0  0
 -0.185493583001   0.468001357941

  11   10   10    3 
 1302 3120 0132 0132
   0    0    0    0 
  0  0  0  0  0  0 -1  1 -1  0  0  1  0  0  0  0
  0  0  0  0  0  0  0  0  0  0  0  0  0  0  0  0
  0  0  0  0  0  0  7 -7  7  0  0 -7  0  0  0  0
  0  0  0  0  0  0  0  0  0  0  0  0  0  0  0  0
  0.319782743196   1.087080225573

   5    1    3   10 
 1302 0213 0132 0132
   0    0    0    0 
  0  0  0  0  0  0  0  0  0  0  0  0 -1  0  1  0
  0  0  0  0  0  0  0  0  0  0  0  0  0  0  0  0
  0  0  0  0  0  0  0  0  0  0  0  0  6  0 -6  0
  0  0  0  0  0  0  0  0  0  0  0  0  0  0  0  0
 -0.318874175764   0.887431278675

   2    8    9    8 
 1302 3120 0132 0132
   0    0    0    0 
  0  0  0  0 -1  0  0  1  0  0  0  0  0  0  0  0
  0  0  0  0  0  0  0  0  0  0  0  0  0  0  0  0
  0  0  0  0  7  0  0 -7  0  0  0  0  0  0  0  0
  0  0  0  0  0  0  0  0  0  0  0  0  0  0  0  0
  0.047213577682   0.540343591551

   5    8    4    1 
 0213 2031 1302 0213
   0    0    0    0 
  0  1 -1  0  1  0 -1  0  0  0  0  0  1  0 -1  0
  0  0  0  0  0  0  0  0  0  0  0  0  0  0  0  0
  0 -7  6  1 -6  0  7 -1  0  0  0  0 -6  0  6  0
  0  0  0  0  0  0  0  0  0  0  0  0  0  0  0  0
  0.557358951628   1.063332851126

  13   13    6    2 
 1023 0321 2103 3120
   0    0    0    0 
  0  0 -1  1  0  0  1 -1  0  0  0  0 -1  1  0  0
  0  0  0  0  0  0  0  0  0  0  0  0  0  0  0  0
  0  0  7 -7  0  0 -6  6  1  0  0 -1  7 -7  0  0
  0  0  0  0  0  0  0  0  0  0  0  0  0  0  0  0
  0.595873569223   0.567238365613

   0   12    3   12 
 3120 1023 3201 0321
   0    0    0    0 
  0  0  0  0  1  0  0 -1  0  0  0  0  0  1 -1  0
  0  0  0  0  0  0  0  0  0  0  0  0  0  0  0  0
  0  0  0  0 -7  0  0  7  1 -1  0  0  0 -7  7  0
  0  0  0  0  0  0  0  0  0  0  0  0  0  0  0  0
  0.119604245852   0.838087598560

