% Triangulation
newlinks/L111177
geometric_solution  9.70047748
oriented_manifold
CS_unknown

1 0
    torus   0.000000000000  -0.000000000000

11
   7    5    6    1 
 0132 2031 0321 3012
   0    0    0    0 
  0  0 -1  1  0  0  0  0  0  0  0  0  1 -1  0  0
  0  0  0  0  0  0  0  0  0  0  0  0  0  0  0  0
  0  0  4 -4  0  0  0  0  1  0  0 -1 -3  3  0  0
  0  0  0  0  0  0  0  0  0  0  0  0  0  0  0  0
  0.593864506897   1.064180302319

   6    7    0    9 
 0321 0132 1230 0132
   0    0    0    0 
  0  0  0  0  1  0  0 -1  0  0  0  0  1  0 -1  0
  0  0  0  0  0  0  0  0  0  0  0  0  0  0  0  0
  0  0  0  0 -4  0  1  3  0 -1  0  1 -4  0  4  0
  0  0  0  0  0  0  0  0  0  0  0  0  0  0  0  0
 -0.001789975138   0.759847105540

   4   10    4    3 
 1302 2031 0132 0132
   0    0    0    0 
  0  0  0  0 -1  0  0  1  0  0  0  0  0  0  0  0
  0  0  0  0  0  0  0  0  0  0  0  0  0  0  0  0
  0  0  0  0  3  0  0 -3  0  0  0  0  0 -1  1  0
  0  0  0  0  0  0  0  0  0  0  0  0  0  0  0  0
 -0.225548443962   0.830157739400

  10    9    2    8 
 1023 1302 0132 2310
   0    0    0    0 
  0  0  0  0  1  0 -1  0  0  0  0  0  0  0  0  0
  0  0  0  0  0  0  0  0  0  0  0  0  0  0  0  0
  0  0  0  0 -3  0  3  0  0  0  0  0 -1  1  0  0
  0  0  0  0  0  0  0  0  0  0  0  0  0  0  0  0
  0.844445032367   0.964680957703

   5    2    8    2 
 3012 2031 2310 0132
   0    0    0    0 
  0  0  0  0  1  0 -1  0  0  0  0  0 -1  1  0  0
  0  0  0  0  0  0  0  0  0  0  0  0  0  0  0  0
  0  0  0  0 -4  0  4  0  1  0  0 -1  3 -3  0  0
  0  0  0  0  0  0  0  0  0  0  0  0  0  0  0  0
 -0.225548443962   0.830157739400

   0    7    6    4 
 1302 0321 0132 1230
   0    0    0    0 
  0  0  1 -1  1  0 -1  0  0 -1  0  1  0  0  0  0
  0  0  0  0  0  0  0  0  0  0  0  0  0  0  0  0
  0  0 -4  4 -3  0  4 -1  0  3  0 -3  0  0  0  0
  0  0  0  0  0  0  0  0  0  0  0  0  0  0  0  0
  0.904710247125   0.693309757859

   1    8    0    5 
 0321 0213 0321 0132
   0    0    0    0 
  0  0  1 -1 -1  0  0  1  0  0  0  0 -1  1  0  0
  0  0  0  0  0  0  0  0  0  0  0  0  0  0  0  0
  0  0 -4  4  4  0  0 -4  0  0  0  0  4 -4  0  0
  0  0  0  0  0  0  0  0  0  0  0  0  0  0  0  0
  1.294782142343   0.812896030173

   0    1    8    5 
 0132 0132 0132 0321
   0    0    0    0 
  0  0  0  0  0  0  0  0 -1  0  0  1  0  0  0  0
  0  0  0  0  0  0  0  0  0  0  0  0  0  0  0  0
  0  0  0  0  0  0  0  0  3  0  0 -3 -1  1  0  0
  0  0  0  0  0  0  0  0  0  0  0  0  0  0  0  0
  0.025456544555   1.335948846281

   3    4    6    7 
 3201 3201 0213 0132
   0    0    0    0 
  0  0  0  0  0  0  0  0  0  0  0  0  0  1 -1  0
  0  0  0  0  0  0  0  0  0  0  0  0  0  0  0  0
  0  0  0  0  0  0  0  0  0  0  0  0  0 -4  4  0
  0  0  0  0  0  0  0  0  0  0  0  0  0  0  0  0
 -0.197457356312   1.035331174026

  10   10    1    3 
 3012 0213 0132 2031
   0    0    0    0 
  0  0  0  0 -1  0  1  0  0  0  0  0  0  0  0  0
  0  0  0  0  0  0  0  0  0  0  0  0  0  0  0  0
  0  0  0  0  3  0 -3  0  0  1  0 -1  0  1 -1  0
  0  0  0  0  0  0  0  0  0  0  0  0  0  0  0  0
  1.038406531484   1.102975176478

   2    3    9    9 
 1302 1023 0213 1230
   0    0    0    0 
  0 -1  0  1  0  0  0  0  0  0  0  0  0  0  0  0
  0  0  0  0  0  0  0  0  0  0  0  0  0  0  0  0
  0  3  0 -3  1  0 -1  0  0  0  0  0  0  1 -1  0
  0  0  0  0  0  0  0  0  0  0  0  0  0  0  0  0
  1.038406531484   1.102975176478

