% Triangulation
newlinks/L111029
geometric_solution  12.18295398
oriented_manifold
CS_unknown

1 0
    torus   0.000000000000  -0.000000000000

13
   3    1    1    2 
 0132 3012 0132 1230
   0    0    0    0 
  0  0  1 -1  0  0  0  0  0  0  0  0  0  0  0  0
  0  0  0  0  0  0  0  0  0  0  0  0  0  0  0  0
  0  0  4 -4  0  0  1 -1  0 -1  0  1 -1  1  0  0
  0  0  0  0  0  0  0  0  0  0  0  0  0  0  0  0
  0.135805777105   1.047162073496

   0    8   11    0 
 1230 0321 0132 0132
   0    0    0    0 
  0  1  0 -1  0  0  0  0  0  0  0  0  0 -1  1  0
  0  0  0  0  0  0  0  0  0  0  0  0  0  0  0  0
  0  4  0 -4  1  0  0 -1 -1  1  0  0  0 -3  3  0
  0  0  0  0  0  0  0  0  0  0  0  0  0  0  0  0
  0.135805777105   1.047162073496

   0    5   12    9 
 3012 1023 0213 0132
   0    0    0    0 
  0  1  0 -1  1  0 -1  0  0  0  0  0  0  0  0  0
  0  0  0  0  0  0  0  0  0  0  0  0  0  0  0  0
  0  4  0 -4  4  0 -4  0  1 -1  0  0 -1  1  0  0
  0  0  0  0  0  0  0  0  0  0  0  0  0  0  0  0
  0.473472860569   0.688442866622

   0    5    6   10 
 0132 1230 1302 0321
   0    0    0    0 
  0  0 -1  1  0  0  0  0  0  0  0  0  0  0  0  0
  0  0  0  0  0  0  0  0  0  0  0  0  0  0  0  0
  0  0 -3  3  0  0  0  0  1 -1  0  0  0  0  0  0
  0  0  0  0  0  0  0  0  0  0  0  0  0  0  0  0
  0.769067900921   0.710769186329

   7   11    5   12 
 0132 1023 0132 3120
   0    0    0    0 
  0  0  0  0  0  0 -1  1  0 -1  0  1  0  0  0  0
  0  0  0  0  0  0  0  0  0  0  0  0  0  0  0  0
  0  0  0  0  0  0 -4  4 -1 -3  0  4  0 -1  1  0
  0  0  0  0  0  0  0  0  0  0  0  0  0  0  0  0
  0.664315786467   0.769831844993

   2   10    3    4 
 1023 3012 3012 0132
   0    0    0    0 
  0  0  0  0 -1  0  0  1  0  0  0  0  0  0  0  0
  0  0  0  0  0  0  0  0  0  0  0  0  0  0  0  0
  0  0  0  0 -4  0  0  4  1  0  0 -1 -1  0  1  0
  0  0  0  0  0  0  0  0  0  0  0  0  0  0  0  0
  0.339246098800   1.902894769818

   3   10    7   12 
 2031 0321 0132 0132
   0    0    0    0 
  0 -1  1  0  1  0  0 -1  0  0  0  0  0  0  0  0
  0  0  0  0  0  0  0  0  0  0  0  0  0  0  0  0
  0 -3  3  0  3  0  0 -3  0  0  0  0  0  0  0  0
  0  0  0  0  0  0  0  0  0  0  0  0  0  0  0  0
  0.305740907833   0.431844534361

   4    8    8    6 
 0132 0132 1302 0132
   0    0    0    0 
  0  0  1 -1  0  0  0  0  0  0  0  0  0  0  0  0
  0  0  0  0  0  0  0  0  0  0  0  0  0  0  0  0
  0  0  3 -3  0  0  0  0  0  0  0  0  1 -1  0  0
  0  0  0  0  0  0  0  0  0  0  0  0  0  0  0  0
  0.585567134618   1.149412753208

   7    7    9    1 
 2031 0132 0132 0321
   0    0    0    0 
  0  0  1 -1 -1  0  0  1  0  0  0  0  0  0  0  0
  0  0  0  0  0  0  0  0  0  0  0  0  0  0  0  0
  0  0  4 -4 -3  0  0  3  0  1  0 -1  0  0  0  0
  0  0  0  0  0  0  0  0  0  0  0  0  0  0  0  0
  0.648104825522   0.690736855650

  11   10    2    8 
 2031 0213 0132 0132
   0    0    0    0 
  0  0  1 -1  0  0  0  0  0  0  0  0  0  0  0  0
  0  0  0  0  0  0  0  0  0  0  0  0  0  0  0  0
  0  0  4 -4  0  0  0  0  0  0  0  0  0  0  0  0
  0  0  0  0  0  0  0  0  0  0  0  0  0  0  0  0
  0.849454682950   1.320412864386

   5    3    9    6 
 1230 0321 0213 0321
   0    0    0    0 
  0 -1  0  1  0  0  0  0  0  0  0  0  0  0  0  0
  0  0  0  0  0  0  0  0  0  0  0  0  0  0  0  0
  0 -3  0  3  0  0  0  0  0  0  0  0  0  0  0  0
  0  0  0  0  0  0  0  0  0  0  0  0  0  0  0  0
  0.942944669087   0.871450902988

   4   12    9    1 
 1023 0321 1302 0132
   0    0    0    0 
  0  0  0  0  0  0  0  0  1  0  0 -1  0  0  0  0
  0  0  0  0  0  0  0  0  0  0  0  0  0  0  0  0
  0  0  0  0  0  0  0  0  3  0  0 -3  1 -1  0  0
  0  0  0  0  0  0  0  0  0  0  0  0  0  0  0  0
  0.888464997892   0.728654748208

   4    2    6   11 
 3120 0213 0132 0321
   0    0    0    0 
  0  0  0  0 -1  0  1  0 -1  1  0  0  0  0  0  0
  0  0  0  0  0  0  0  0  0  0  0  0  0  0  0  0
  0  0  0  0 -4  0  3  1 -4  4  0  0  0  0  0  0
  0  0  0  0  0  0  0  0  0  0  0  0  0  0  0  0
  0.338511296625   2.063980507970

