% Triangulation
newlinks/L111270
geometric_solution  6.75197110
oriented_manifold
CS_unknown

1 0
    torus   0.000000000000  -0.000000000000

8
   1    1    4    5 
 2103 3012 2310 0321
   0    0    0    0 
  0 -1  1  0  0  0  0  0  0  0  0  0  0  0  0  0
  0  0  0  0  0  0  0  0  0  0  0  0  0  0  0  0
  0  3 -2 -1  0  0  0  0 -1  0  0  1  0  0  0  0
  0  0  0  0  0  0  0  0  0  0  0  0  0  0  0  0
  1.038183759538   1.794616167740

   0    3    0    2 
 1230 0213 2103 0132
   0    0    0    0 
  0 -1  0  1  0  0  0  0  0  0  0  0  1 -1  0  0
  0  0  0  0  0  0  0  0  0  0  0  0  0  0  0  0
  0  2  1 -3  0  0  0  0  0  0  0  0 -3  3  0  0
  0  0  0  0  0  0  0  0  0  0  0  0  0  0  0  0
  0.988149437309   0.556970074678

   4    7    1    5 
 0132 3120 0132 1230
   0    0    0    0 
  0  1 -1  0  0  0  0  0  0  0  0  0  0  0  0  0
  0  0  0  0  0  0  0  0  0  0  0  0  0  0  0  0
  0 -3  3  0  0  0  0  0 -1  1  0  0  0  0  0  0
  0  0  0  0  0  0  0  0  0  0  0  0  0  0  0  0
  0.316421623460   0.656054873084

   7    6    1    6 
 0213 1023 0213 2031
   0    0    0    0 
  0  0  1 -1  0  0  0  0  0  1  0 -1 -1  0  1  0
  0  0  0  0  0  0  0  0  0  0  0  0  0  0  0  0
  0  0 -2  2 -1  0  0  1  0 -2  0  2  3  0 -3  0
  0  0  0  0  0  0  0  0  0  0  0  0  0  0  0  0
 -0.358467610710   0.971528829324

   2    0    5    6 
 0132 3201 0132 0132
   0    0    0    0 
  0  0  0  0  0  0  0  0  0 -1  0  1  0  0  0  0
  0  0  0  0  0  0  0  0  0  0  0  0  0  0  0  0
  0  0  0  0  0  0  0  0  0  2  0 -2  1  0 -1  0
  0  0  0  0  0  0  0  0  0  0  0  0  0  0  0  0
 -0.139696149201   0.499187660583

   2    0    7    4 
 3012 0321 0132 0132
   0    0    0    0 
  0  0  0  0  0  0  0  0  0  0  0  0  0  0  0  0
  0  0  0  0  0  0  0  0  0  0  0  0  0  0  0  0
  0  1 -1  0  0  0  0  0  0 -1  0  1  0  0  0  0
  0  0  0  0  0  0  0  0  0  0  0  0  0  0  0  0
 -0.052731082480   0.824517628930

   3    3    4    7 
 1023 1302 0132 0132
   0    0    0    0 
  0  0  0  0  0  0  0  0 -1  1  0  0  0  1 -1  0
  0  0  0  0  0  0  0  0  0  0  0  0  0  0  0  0
  0 -1  0  1  0  0  0  0  2 -2  0  0  0 -2  2  0
  0  0  0  0  0  0  0  0  0  0  0  0  0  0  0  0
 -0.374757334421   1.511653816311

   3    2    6    5 
 0213 3120 0132 0132
   0    0    0    0 
  0  0  0  0  0  0  0  0  0  0  0  0  1 -1  0  0
  0  0  0  0  0  0  0  0  0  0  0  0  0  0  0  0
  0  0 -1  1  0  0  0  0  1 -1  0  0 -3  3  0  0
  0  0  0  0  0  0  0  0  0  0  0  0  0  0  0  0
  0.821304604108   1.254271778921

