% Triangulation
newlinks/L111247
geometric_solution  7.44483642
oriented_manifold
CS_unknown

1 0
    torus   0.000000000000   0.000000000000

8
   5    3    2    1 
 3201 0213 3201 0132
   0    0    0    0 
  0  0  0  0  0  0  0  0  0  0  0  0  0  0  0  0
  0  0  0  0  0  0  0  0  0  0  0  0  0  0  0  0
  0  0  0  0  0  0  0  0  0  0  0  0  0  1 -1  0
  0  0  0  0  0  0  0  0  0  0  0  0  0  0  0  0
  0.557710410623   1.414015127301

   5    4    0    6 
 0213 0321 0132 2031
   0    0    0    0 
  0  0  0  0  0  0  0  0  0  0  0  0 -1  1  0  0
  0  0  0  0  0  0  0  0  0  0  0  0  0  0  0  0
  0  0  0  0  1  0  0 -1  0  0  0  0 12 -12  0  0
  0  0  0  0  0  0  0  0  0  0  0  0  0  0  0  0
  0.428738087802   0.569839963991

   0    7    3    4 
 2310 1302 0132 0132
   0    0    0    0 
  0 -1  1  0  0  0  0  0  0  0  0  0  0  0  0  0
  0  0  0  0  0  0  0  0  0  0  0  0  0  0  0  0
  0 13 -13  0  1  0  0 -1  0  0  0  0  0  0  0  0
  0  0  0  0  0  0  0  0  0  0  0  0  0  0  0  0
  0.841898878828   1.530865793867

   6    7    0    2 
 3120 3120 0213 0132
   0    0    0    0 
  0  1  0 -1  0  0  0  0  0  0  0  0  0  0  0  0
  0  0  0  0  0  0  0  0  0  0  0  0  0  0  0  0
  0 -13  0 13  0  0  0  0  1 -1  0  0  1  0 -1  0
  0  0  0  0  0  0  0  0  0  0  0  0  0  0  0  0
  0.417227701047   0.660784140931

   6    5    2    1 
 2310 3201 0132 0321
   0    0    0    0 
  0  0  0  0  1  0  0 -1  0  0  0  0  0  0  0  0
  0  0  0  0  0  0  0  0  0  0  0  0  0  0  0  0
  0  0  0  0 -13  0  1 12  0  0  0  0  0  0  0  0
  0  0  0  0  0  0  0  0  0  0  0  0  0  0  0  0
  0.059918299158   0.957167917404

   1    7    4    0 
 0213 1023 2310 2310
   0    0    0    0 
  0  0  0  0  0  0  0  0  0  0  0  0  1 -1  0  0
  0  0  0  0  0  0  0  0  0  0  0  0  0  0  0  0
  0  0  0  0  0  0  0  0 -1  1  0  0 -12 12  0  0
  0  0  0  0  0  0  0  0  0  0  0  0  0  0  0  0
  0.395594143633   0.546079127895

   7    1    4    3 
 2031 1302 3201 3120
   0    0    0    0 
  0  0  0  0  0  0  0  0  0  0  0  0  1  0 -1  0
  0  0  0  0  0  0  0  0  0  0  0  0  0  0  0  0
  0  1  0 -1  0  0  0  0  1  0  0 -1 -13  0 13  0
  0  0  0  0  0  0  0  0  0  0  0  0  0  0  0  0
 -0.193048526378   0.875264205290

   5    3    6    2 
 1023 3120 1302 2031
   0    0    0    0 
  0  0  0  0  0  0 -1  1  0  0  0  0  1 -1  0  0
  0  0  0  0  0  0  0  0  0  0  0  0  0  0  0  0
  0  0  0  0  0  0 13 -13 -1  1  0  0 -12 13 -1  0
  0  0  0  0  0  0  0  0  0  0  0  0  0  0  0  0
  0.883213488165   0.993340675671

