% Triangulation
newlinks/L111347
geometric_solution  17.28551979
oriented_manifold
CS_unknown

1 0
    torus   0.000000000000  -0.000000000000

18
   1    2    8    1 
 1023 1230 2031 0132
   0    0    0    0 
  0  0  0  0  0  0 -1  1  0  0  0  0  1 -1  0  0
  0  0  0  0  0  0  0  0  0  0  0  0  0  0  0  0
  0  0  0  0  1  0  7 -8  0 -1  0  1 -8  8  0  0
  0  0  0  0  0  0  0  0  0  0  0  0  0  0  0  0
  0.006307731041   0.718908997097

   9    0    0    2 
 2031 1023 0132 1230
   0    0    0    0 
  0  0  0  0  0  0 -1  1  0  0  0  0  1 -1  0  0
  0  0  0  0  0  0  0  0  0  0  0  0  0  0  0  0
  0 -1  0  1  0  0  8 -8  0  0  0  0 -7  8 -1  0
  0  0  0  0  0  0  0  0  0  0  0  0  0  0  0  0
  0.006307731041   0.718908997097

   1    7    0   10 
 3012 0132 3012 3201
   0    0    0    0 
  0  0  1 -1  0  0  0  0 -1  1  0  0  0  0  0  0
  0  0  0  0  0  0  0  0  0  0  0  0  0  0  0  0
  0  0 -8  8 -1  0  0  1  8 -8  0  0  0 -1  1  0
  0  0  0  0  0  0  0  0  0  0  0  0  0  0  0  0
  0.327208411714   0.912972423547

   4    4    5   17 
 0132 1230 1023 1230
   0    0    0    0 
  0  0  0  0  0  0 -1  1  0  0  0  0  0  0  0  0
  0  0  0  0  0  0  0  0  0  0  0  0  0  0  0  0
  0  0  0  0  0  0  7 -7  0 -1  0  1  0  0  0  0
  0  0  0  0  0  0  0  0  0  0  0  0  0  0  0  0
  0.421952147809   0.702063698489

   3   16    3   11 
 0132 0213 3012 0213
   0    0    0    0 
  0  0  0  0  0  0  0  0  0 -1  0  1  0  0  0  0
  0  0  0  0  0  0  0  0  0  0  0  0  0  0  0  0
  0  0  0  0  0  0  0  0  0  7  0 -7  0 -1  1  0
  0  0  0  0  0  0  0  0  0  0  0  0  0  0  0  0
  0.371100244514   1.046392797402

  15    7    3    6 
 3201 0213 1023 0132
   0    0    0    0 
  0 -1  1  0  1  0  0 -1  0  0  0  0  1 -1  0  0
  0  0  0  0  0  0  0  0  0  0  0  0  0  0  0  0
  0  7 -7  0 -8  0  0  8  0  0  0  0 -8  8  0  0
  0  0  0  0  0  0  0  0  0  0  0  0  0  0  0  0
  0.717089110617   0.906931003426

  14    8    5   10 
 0132 1023 0132 3120
   0    0    0    0 
  0  0  0  0  0  0  1 -1  0  0  0  0  0  0  0  0
  0  0  0  0  0  0  0  0  0  0  0  0  0  0  0  0
  0  0  0  0  0  0 -8  8  1  0  0 -1  0  0  0  0
  0  0  0  0  0  0  0  0  0  0  0  0  0  0  0  0
  0.748052490494   0.867715794177

  12    2    5    9 
 2031 0132 0213 1230
   0    0    0    0 
  0  0  1 -1 -1  0  0  1  0  0  0  0  0 -1  1  0
  0  0  0  0  0  0  0  0  0  0  0  0  0  0  0  0
  0  0 -7  7  8  0  0 -8 -1  1  0  0  0  8 -8  0
  0  0  0  0  0  0  0  0  0  0  0  0  0  0  0  0
  0.251066138512   1.102914448471

   6   10    9    0 
 1023 0321 0132 1302
   0    0    0    0 
  0  0 -1  1  0  0  0  0  0  0  0  0  0  1 -1  0
  0  0  0  0  0  0  0  0  0  0  0  0  0  0  0  0
  0  0  7 -7  0  0  0  0  0  0  0  0  0 -8  8  0
  0  0  0  0  0  0  0  0  0  0  0  0  0  0  0  0
  0.838110944494   0.423475932731

   7   12    1    8 
 3012 1023 1302 0132
   0    0    0    0 
  0 -1  0  1  1  0 -1  0 -1  0  0  1  0  0  0  0
  0  0  0  0  0  0  0  0  0  0  0  0  0  0  0  0
  0  7  0 -7 -7  0  7  0  8  0  0 -8  0  0  0  0
  0  0  0  0  0  0  0  0  0  0  0  0  0  0  0  0
  0.838110944494   0.423475932731

   6    2   11    8 
 3120 2310 1302 0321
   0    0    0    0 
  0  0  0  0  1  0  0 -1  0  0  0  0  0  1 -1  0
  0  0  0  0  0  0  0  0  0  0  0  0  0  0  0  0
  0  0  0  0 -8  0  0  8  1 -1  0  0  0 -8  8  0
  0  0  0  0  0  0  0  0  0  0  0  0  0  0  0  0
  0.251066138512   1.102914448471

  10   15   12    4 
 2031 1023 0132 0213
   0    0    0    0 
  0 -1  1  0  0  0  1 -1  1 -1  0  0  0  0  0  0
  0  0  0  0  0  0  0  0  0  0  0  0  0  0  0  0
  0  8 -8  0  0  0 -7  7 -8  8  0  0  0  0  0  0
  0  0  0  0  0  0  0  0  0  0  0  0  0  0  0  0
  0.717089110617   0.906931003426

   9   13    7   11 
 1023 0132 1302 0132
   0    0    0    0 
  0  0  1 -1  1  0  0 -1  0  0  0  0  0  0  0  0
  0  0  0  0  0  0  0  0  0  0  0  0  0  0  0  0
  0  0 -8  8 -7  0  0  7  0  0  0  0  0 -1  1  0
  0  0  0  0  0  0  0  0  0  0  0  0  0  0  0  0
  0.748052490494   0.867715794177

  17   12   14   17 
 1230 0132 0132 0132
   0    0    0    0 
  0  0  1 -1 -1  0  1  0  0  0  0  0  1  0 -1  0
  0  0  0  0  0  0  0  0  0  0  0  0  0  0  0  0
  0  0 -7  7  7  0 -7  0 -1  1  0  0 -7  0  7  0
  0  0  0  0  0  0  0  0  0  0  0  0  0  0  0  0
  0.341692758694   1.025616406175

   6   16   16   13 
 0132 1023 0213 0132
   0    0    0    0 
  0  1  0 -1  0  0  1 -1  0 -1  0  1  0  0  0  0
  0  0  0  0  0  0  0  0  0  0  0  0  0  0  0  0
  0 -7  0  7  0  0 -7  7  0  7  0 -7 -1  1  0  0
  0  0  0  0  0  0  0  0  0  0  0  0  0  0  0  0
  0.341692758694   1.025616406175

  11   17   16    5 
 1023 0321 0132 2310
   0    0    0    0 
  0  0  0  0  1  0  0 -1  1  0  0 -1  0  0  0  0
  0  0  0  0  0  0  0  0  0  0  0  0  0  0  0  0
  0  0  0  0 -8  0  0  8 -8  0  0  8  0  0  0  0
  0  0  0  0  0  0  0  0  0  0  0  0  0  0  0  0
  0.706124634665   0.624588813052

  14   14    4   15 
 1023 0213 0213 0132
   0    0    0    0 
  0  0  0  0 -1  0  1  0  1 -1  0  0  0  0  0  0
  0  0  0  0  0  0  0  0  0  0  0  0  0  0  0  0
  0  0  0  0  7  0 -7  0 -7  7  0  0 -1  0  1  0
  0  0  0  0  0  0  0  0  0  0  0  0  0  0  0  0
  0.707615779878   0.877613134705

   3   13   13   15 
 3012 3012 0132 0321
   0    0    0    0 
  0 -1  1  0  0  0  0  0 -1  1  0  0  0  0  0  0
  0  0  0  0  0  0  0  0  0  0  0  0  0  0  0  0
  0  7 -7  0  0  0  0  0  7 -7  0  0 -1  1  0  0
  0  0  0  0  0  0  0  0  0  0  0  0  0  0  0  0
  0.341692758694   1.025616406175

