% Triangulation
newlinks/L111542
geometric_solution  9.03328411
oriented_manifold
CS_unknown

1 0
    torus   0.000000000000   0.000000000000

10
   5    8    6    1 
 0321 1023 3201 3120
   0    0    0    0 
  0  0  0  0  0  0  0  0  0  0  0  0  0  0  0  0
  0  0  0  0  0  0  0  0  0  0  0  0  0  0  0  0
  0  0  0  0  1  0  0 -1  0  1  0 -1  0 -1  1  0
  0  0  0  0  0  0  0  0  0  0  0  0  0  0  0  0
  0.223169472337   1.658617796930

   0    2    2    3 
 3120 0213 3201 1230
   0    0    0    0 
  0  0  0  0  0  0 -1  1  0  0  0  0  0  0  0  0
  0  0  0  0  0  0  0  0  0  0  0  0  0  0  0  0
  0  0  0  0  1  0 -14 13  1  0  0 -1  0  0  0  0
  0  0  0  0  0  0  0  0  0  0  0  0  0  0  0  0
  0.683164159450   1.738128784095

   1    8    1    6 
 2310 1302 0213 0321
   0    0    0    0 
  0  0  0  0  0  0  0  0  1 -1  0  0  0  0  0  0
  0  0  0  0  0  0  0  0  0  0  0  0  0  0  0  0
  0  0  0  0  0  0  0  0 14 -14  0  0  0  0  0  0
  0  0  0  0  0  0  0  0  0  0  0  0  0  0  0  0
  0.527930206716   0.862945615185

   1    6    4    7 
 3012 0321 0132 0132
   0    0    0    0 
  0  0 -1  1  0  0  0  0 -1  0  0  1  0  0  0  0
  0  0  0  0  0  0  0  0  0  0  0  0  0  0  0  0
  0  0 -13 13  0  0  0  0 -13  0  0 13  1 -1  0  0
  0  0  0  0  0  0  0  0  0  0  0  0  0  0  0  0
  0.851223058654   0.499097646384

   5    5    9    3 
 1023 0213 3120 0132
   0    0    0    0 
  0  0 -1  1  0  0  0  0  0  0  0  0  0  0  0  0
  0  0  0  0  0  0  0  0  0  0  0  0  0  0  0  0
  0  0 -13 13  0  0  0  0  0  0  0  0  0 -1  1  0
  0  0  0  0  0  0  0  0  0  0  0  0  0  0  0  0
  0.778229684777   0.723784461939

   0    4    4    6 
 0321 1023 0213 0132
   0    0    0    0 
  0  0  0  0  0  0  0  0  0  0  0  0  0  0  0  0
  0  0  0  0  0  0  0  0  0  0  0  0  0  0  0  0
  0  0  0  0  0  0  0  0  0  0  0  0 -1  0  1  0
  0  0  0  0  0  0  0  0  0  0  0  0  0  0  0  0
  0.387002627120   1.263047707520

   0    2    5    3 
 2310 0321 0132 0321
   0    0    0    0 
  0  0  0  0  0  0  0  0  0  0  0  0  0  0  0  0
  0  0  0  0  0  0  0  0  0  0  0  0  0  0  0  0
  0  0  0  0 -1  0  0  1  0  0  0  0  0  0  0  0
  0  0  0  0  0  0  0  0  0  0  0  0  0  0  0  0
 -0.805034366382   0.728527739787

   9    7    3    7 
 0213 1302 0132 2031
   0    0    0    0 
  0  0 -1  1  0  0  0  0  1 -1  0  0  1  0 -1  0
  0  0  0  0  0  0  0  0  0  0  0  0  0  0  0  0
  0 -1 -13 14 -1  0  0  1 14 -14  0  0 13  0 -13  0
  0  0  0  0  0  0  0  0  0  0  0  0  0  0  0  0
  0.195651591566   1.093700233675

   0    9    9    2 
 1023 3120 1230 2031
   0    0    0    0 
  0  0 -1  1  0  0  0  0  0  0  0  0  0  0  0  0
  0  0  0  0  0  0  0  0  0  0  0  0  0  0  0  0
  0  0 -14 14  0  0  0  0 -1  1  0  0  1  0 -1  0
  0  0  0  0  0  0  0  0  0  0  0  0  0  0  0  0
  0.466682743228   0.670857130312

   7    8    4    8 
 0213 3120 3120 3012
   0    0    0    0 
  0  0  0  0 -1  0  0  1  0  0  0  0 -1  0  1  0
  0  0  0  0  0  0  0  0  0  0  0  0  0  0  0  0
  0  0 -1  1 -14  0  0 14  1 -1  0  0 -13  0 13  0
  0  0  0  0  0  0  0  0  0  0  0  0  0  0  0  0
  0.726118799678   0.913381234213

