% Triangulation
newlinks/L111509
geometric_solution  13.07585670
oriented_manifold
CS_unknown

1 0
    torus   0.000000000000   0.000000000000

14
  11   11    4    3 
 0321 3120 0132 3201
   0    0    0    0 
  0  1  0 -1  0  0 -1  1  0  0  0  0  0  0  0  0
  0  0  0  0  0  0  0  0  0  0  0  0  0  0  0  0
  0 13  0 -13  0  0 -12 12 -1  0  0  1  1  0 -1  0
  0  0  0  0  0  0  0  0  0  0  0  0  0  0  0  0
  0.188979179847   0.895652799949

   9   12    2    4 
 2310 3120 1302 0132
   0    0    0    0 
  0  0  0  0  0  0  0  0 -1  1  0  0  0  0  0  0
  0  0  0  0  0  0  0  0  0  0  0  0  0  0  0  0
  0  0  0  0  0  0  0  0 -13 13  0  0  0  0  0  0
  0  0  0  0  0  0  0  0  0  0  0  0  0  0  0  0
  0.661832974403   1.911677234945

   1    4    3   12 
 2031 3120 1302 2103
   0    0    0    0 
  0  1 -1  0  0  0  1 -1  0  0  0  0  0  0  0  0
  0  0  0  0  0  0  0  0  0  0  0  0  0  0  0  0
  0 12 -12  0  0  0 13 -13  0  1  0 -1  0  0  0  0
  0  0  0  0  0  0  0  0  0  0  0  0  0  0  0  0
  0.599655779240   1.386176795845

   2    0   13   13 
 2031 2310 0213 0132
   0    0    0    0 
  0  0  0  0  1  0 -1  0  0 -1  0  1 -1  1  0  0
  0  0  0  0  0  0  0  0  0  0  0  0  0  0  0  0
  0 -1  1  0 12  0 -12  0  0 -12  0 12 -13 13  0  0
  0  0  0  0  0  0  0  0  0  0  0  0  0  0  0  0
  0.334053897378   0.853730130315

   8    2    1    0 
 3201 3120 0132 0132
   0    0    0    0 
  0  0  0  0 -1  0  0  1  0  0  0  0  1 -1  0  0
  0  0  0  0  0  0  0  0  0  0  0  0  0  0  0  0
  0  0  0  0 -12  0  0 12  0 -1  0  1 12 -12  0  0
  0  0  0  0  0  0  0  0  0  0  0  0  0  0  0  0
  0.311630707116   0.790702966628

  10    7    6    7 
 0321 0321 0132 1230
   0    0    0    0 
  0 -1  1  0  0  0  0  0  0  0  0  0  0  0  0  0
  0  0  0  0  0  0  0  0  0  0  0  0  0  0  0  0
  0 -12 13 -1  0  0  0  0  0  1  0 -1 -1  1  0  0
  0  0  0  0  0  0  0  0  0  0  0  0  0  0  0  0
  0.602910636469   0.454622538950

  10    9    7    5 
 1302 1023 0213 0132
   0    0    0    0 
  0  1  0 -1  0  0  0  0  0  0  0  0  0 -1  1  0
  0  0  0  0  0  0  0  0  0  0  0  0  0  0  0  0
  0 13  0 -13  1  0 -1  0  0  0  0  0  0 -13 13  0
  0  0  0  0  0  0  0  0  0  0  0  0  0  0  0  0
  0.575037965536   0.888858681926

   5    6    8    5 
 3012 0213 1302 0321
   0    0    0    0 
  0  0 -1  1  0  0  0  0  0  0  0  0  0 -1  1  0
  0  0  0  0  0  0  0  0  0  0  0  0  0  0  0  0
  0  0 -12 12  1  0  0 -1  0  1  0 -1  1 -13 12  0
  0  0  0  0  0  0  0  0  0  0  0  0  0  0  0  0
 -0.057398684950   0.797327573536

   7   10    9    4 
 2031 0321 0132 2310
   0    0    0    0 
  0  0  0  0  1  0  0 -1 -1  0  0  1  0  0  0  0
  0  0  0  0  0  0  0  0  0  0  0  0  0  0  0  0
  0  0  0  0 12  0  0 -12 -12  0  0 12  0  0  0  0
  0  0  0  0  0  0  0  0  0  0  0  0  0  0  0  0
  0.684319274144   0.389853267233

   6   11    1    8 
 1023 0213 3201 0132
   0    0    0    0 
  0  0  0  0 -1  0  1  0  0  0  0  0  1 -1  0  0
  0  0  0  0  0  0  0  0  0  0  0  0  0  0  0  0
  0  0  0  0 -13  0 13  0  0  0  0  0 13 -13  0  0
  0  0  0  0  0  0  0  0  0  0  0  0  0  0  0  0
  0.771420116372   0.869348810781

   5    6   11    8 
 0321 2031 0132 0321
   0    0    0    0 
  0  0  0  0  0  0  0  0  0  0  0  0  0  0  0  0
  0  0  0  0  0  0  0  0  0  0  0  0  0  0  0  0
  0  0  0  0  1  0 -1  0  0  0  0  0  0 -1  1  0
  0  0  0  0  0  0  0  0  0  0  0  0  0  0  0  0
 -0.458923672726   1.471869907670

   0    0    9   10 
 0321 3120 0213 0132
   0    0    0    0 
  0  0  0  0  0  0  0  0  0  0  0  0  0 -1  1  0
  0  0  0  0  0  0  0  0  0  0  0  0  0  0  0  0
  0  0  0  0 -1  0  0  1  1  0  0 -1  0 -13 13  0
  0  0  0  0  0  0  0  0  0  0  0  0  0  0  0  0
  0.188979179847   0.895652799949

  13    1   13    2 
 0213 3120 0132 2103
   0    0    0    0 
  0  0  0  0  0  0 -1  1  1 -1  0  0 -1  0  1  0
  0  0  0  0  0  0  0  0  0  0  0  0  0  0  0  0
  0  0 -1  1  0  0 -13 13 13 -13  0  0 -12  0 12  0
  0  0  0  0  0  0  0  0  0  0  0  0  0  0  0  0
  0.602528367605   1.015804668603

  12    3    3   12 
 0213 0213 0132 0132
   0    0    0    0 
  0  0  0  0 -1  0  0  1  0  1  0 -1  1  0 -1  0
  0  0  0  0  0  0  0  0  0  0  0  0  0  0  0  0
  0 -1  0  1 -13  0  0 13  0 12  0 -12 12  0 -12  0
  0  0  0  0  0  0  0  0  0  0  0  0  0  0  0  0
  0.568048922288   0.728227822853

