% Triangulation
newlinks/L111286
geometric_solution  9.04699573
oriented_manifold
CS_unknown

1 0
    torus   0.000000000000  -0.000000000000

10
   5    3    4    3 
 0321 1023 1302 3201
   0    0    0    0 
  0  1  0 -1  0  0  0  0  0  0  0  0  0  1 -1  0
  0  0  0  0  0  0  0  0  0  0  0  0  0  0  0  0
  0 -4  0  4 -1  0  0  1  0 -1  0  1  0 -4  4  0
  0  0  0  0  0  0  0  0  0  0  0  0  0  0  0  0
 -0.009157429151   0.862219278805

   9    9    2    7 
 2031 1302 0132 2310
   0    0    0    0 
  0  0  0  0  0  0  0  0  0  0  0  0  0  0  0  0
  0  0  0  0  0  0  0  0  0  0  0  0  0  0  0  0
  0  1 -1  0  0  0  0  0  0  0  0  0 -1  1  0  0
  0  0  0  0  0  0  0  0  0  0  0  0  0  0  0  0
  0.100159024073   1.384704159736

   8    9    3    1 
 1023 3120 0132 0132
   0    0    0    0 
  0  0  0  0  0  0  0  0  0  0  0  0  0  0  0  0
  0  0  0  0  0  0  0  0  0  0  0  0  0  0  0  0
  0  0 -1  1  0  0  0  0  0  0  0  0  0  0  0  0
  0  0  0  0  0  0  0  0  0  0  0  0  0  0  0  0
  0.187339139371   0.533736178624

   0    0    7    2 
 1023 2310 2310 0132
   0    0    0    0 
  0  0  0  0 -1  0  1  0  0  0  0  0 -1  1  0  0
  0  0  0  0  0  0  0  0  0  0  0  0  0  0  0  0
  0 -1  0  1  4  0 -4  0  1 -1  0  0  4 -4  0  0
  0  0  0  0  0  0  0  0  0  0  0  0  0  0  0  0
  0.111795731288   0.749794432355

   0    6    5    5 
 2031 0321 0132 3012
   0    0    0    0 
  0  0  1 -1  0  0  1 -1  1  0  0 -1  0  0  0  0
  0  0  0  0  0  0  0  0  0  0  0  0  0  0  0  0
  0  0 -5  5  0  0 -5  5 -4 -1  0  5  0  0  0  0
  0  0  0  0  0  0  0  0  0  0  0  0  0  0  0  0
  0.619653524592   0.349555323484

   0    7    4    4 
 0321 0213 1230 0132
   0    0    0    0 
  0  0  1 -1  0  0  1 -1  0  0  0  0  0 -1  1  0
  0  0  0  0  0  0  0  0  0  0  0  0  0  0  0  0
  0  0 -5  5  0  0 -5  5  0  0  0  0  1  4 -5  0
  0  0  0  0  0  0  0  0  0  0  0  0  0  0  0  0
  0.602549217735   0.958453575354

   8    8    7    4 
 3012 0213 0132 0321
   0    0    0    0 
  0  0  0  0  0  0  0  0  0  0  0  0  0  0  0  0
  0  0  0  0  0  0  0  0  0  0  0  0  0  0  0  0
  0  0  0  0  0  0  0  0  0 -1  0  1  0  0  0  0
  0  0  0  0  0  0  0  0  0  0  0  0  0  0  0  0
  0.391817843594   0.755141277898

   1    3    5    6 
 3201 3201 0213 0132
   0    0    0    0 
  0  0  0  0  0  0  0  0  0  0  0  0  0 -1  1  0
  0  0  0  0  0  0  0  0  0  0  0  0  0  0  0  0
  0  0  0  0  0  0  0  0  0  0  0  0  0  4 -4  0
  0  0  0  0  0  0  0  0  0  0  0  0  0  0  0  0
 -0.889084896821   1.425133243689

   9    2    6    6 
 0213 1023 0213 1230
   0    0    0    0 
  0  0  0  0  0  0  0  0  0  0  0  0  0  0  0  0
  0  0  0  0  0  0  0  0  0  0  0  0  0  0  0  0
  0  0  0  0 -1  0  1  0  0  0  0  0  0  0  0  0
  0  0  0  0  0  0  0  0  0  0  0  0  0  0  0  0
  0.391817843594   0.755141277898

   8    2    1    1 
 0213 3120 1302 2031
   0    0    0    0 
  0  0  0  0  0  0  0  0  0  0  0  0  0  0  0  0
  0  0  0  0  0  0  0  0  0  0  0  0  0  0  0  0
  0  0  0  0  0  0  1 -1  1  0  0 -1  0  0  0  0
  0  0  0  0  0  0  0  0  0  0  0  0  0  0  0  0
  0.726491276607   0.770255779567

