% Triangulation
newlinks/L111333
geometric_solution  8.88256424
oriented_manifold
CS_unknown

1 0
    torus   0.000000000000  -0.000000000000

9
   1    5    4    8 
 0321 2103 1302 3120
   0    0    0    0 
  0  1  0 -1  1  0  0 -1  0  0  0  0  0  0  0  0
  0  0  0  0  0  0  0  0  0  0  0  0  0  0  0  0
  0  7  0 -7  7  0  1 -8  0 -1  0  1  0  0  0  0
  0  0  0  0  0  0  0  0  0  0  0  0  0  0  0  0
  0.256097532469   0.738399807859

   0    6    7    2 
 0321 0132 0132 1230
   0    0    0    0 
  0  0  0  0  0  0  0  0  0  0  0  0 -1  1  0  0
  0  0  0  0  0  0  0  0  0  0  0  0  0  0  0  0
  0  0  0  0  0  0  1 -1  0  0  0  0 -7  7  0  0
  0  0  0  0  0  0  0  0  0  0  0  0  0  0  0  0
  0.466337569448   0.795489415181

   1    4    8    3 
 3012 1230 3012 0132
   0    0    0    0 
  0 -1  0  1  0  0  0  0  0  0  0  0  0  0  0  0
  0  0  0  0  0  0  0  0  0  0  0  0  0  0  0  0
  0 -8  0  8  0  0 -1  1  1 -1  0  0  0  0  0  0
  0  0  0  0  0  0  0  0  0  0  0  0  0  0  0  0
  0.451544450879   0.935568164793

   4    6    2    7 
 3012 2031 0132 2031
   0    0    0    0 
  0  0 -1  1  0  0  0  0  1  0  0 -1  0  0  0  0
  0  0  0  0  0  0  0  0  0  0  0  0  0  0  0  0
  0  0 -8  8  0  0 -1  1  8  0  0 -8  0  0  0  0
  0  0  0  0  0  0  0  0  0  0  0  0  0  0  0  0
  0.451544450879   0.935568164793

   0    5    2    3 
 2031 0213 3012 1230
   0    0    0    0 
  0  0  0  0  0  0  1 -1  0  0  0  0  0  0  0  0
  0  0  0  0  0  0  0  0  0  0  0  0  0  0  0  0
  0  0  0  0  0  0  8 -8  0  0  0  0 -1  0  1  0
  0  0  0  0  0  0  0  0  0  0  0  0  0  0  0  0
  0.555271858586   0.444672821552

   6    0    4    7 
 2031 2103 0213 0132
   0    0    0    0 
  0  0  0  0  0  0  0  0  0 -1  0  1  0  0  0  0
  0  0  0  0  0  0  0  0  0  0  0  0  0  0  0  0
  0  1  0 -1  0  0  0  0  0 -7  0  7  0  0  0  0
  0  0  0  0  0  0  0  0  0  0  0  0  0  0  0  0
  0.256097532469   0.738399807859

   3    1    5    8 
 1302 0132 1302 0132
   0    0    0    0 
  0  0  0  0  0  0  0  0  0 -1  0  1  0  0  0  0
  0  0  0  0  0  0  0  0  0  0  0  0  0  0  0  0
  0  0  0  0  0  0  0  0  0 -7  0  7  0  0  0  0
  0  0  0  0  0  0  0  0  0  0  0  0  0  0  0  0
  0.581585671817   0.866924893837

   8    3    5    1 
 3012 1302 0132 0132
   0    0    0    0 
  0  0  0  0  0  0  0  0  1 -1  0  0  0  1 -1  0
  0  0  0  0  0  0  0  0  0  0  0  0  0  0  0  0
  0 -1  1  0  1  0  0 -1  8 -8  0  0 -1  8 -7  0
  0  0  0  0  0  0  0  0  0  0  0  0  0  0  0  0
  0.328604600146   0.844901226463

   0    2    6    7 
 3120 1230 0132 1230
   0    0    0    0 
  0  0  0  0  1  0  0 -1  0  0  0  0  1  0 -1  0
  0  0  0  0  0  0  0  0  0  0  0  0  0  0  0  0
  0  1  0 -1  8  0  0 -8 -1  0  0  1  7  0 -7  0
  0  0  0  0  0  0  0  0  0  0  0  0  0  0  0  0
  0.600159430411   1.028061650643

