% Triangulation
newlinks/L111462
flat_solution  0.00000000
oriented_manifold
CS_unknown

1 0
    torus   0.000000000000   0.000000000000

6
   4    3    5    3 
 1230 1023 2031 3201
   0    0    0    0 
  0  0  1 -1  0  0  0  0  0  0  0  0  0  1 -1  0
  0  0  0  0  0  0  0  0  0  0  0  0  0  0  0  0
  0  0 -20 20  0  0  1 -1  0  0  0  0 -1 -19 20  0
  0  0  0  0  0  0  0  0  0  0  0  0  0  0  0  0
  0.728445870661   0.000000000000

   2    3    3    2 
 1023 0213 2031 0132
   0    0    0    0 
  0  0  0  0  0  0  0  0  0  0  0  0  0  0  0  0
  0  0  0  0  0  0  0  0  0  0  0  0  0  0  0  0
  0  0  1 -1  0  0  0  0  0  0  0  0  1 -1  0  0
  0  0  0  0  0  0  0  0  0  0  0  0  0  0  0  0
  1.425181170441   0.000000000000

   2    1    1    2 
 3012 1023 0132 1230
   0    0    0    0 
  0  0  0  0  0  0  0  0  0  0  0  0  0  0  0  0
  0  0  0  0  0  0  0  0  0  0  0  0  0  0  0  0
  0  0  1 -1  1  0  0 -1  1  0  0 -1  1 -1  0  0
  0  0  0  0  0  0  0  0  0  0  0  0  0  0  0  0
  1.546200349457   0.000000000000

   0    0    1    1 
 1023 2310 0213 1302
   0    0    0    0 
  0  0  0  0  0  0  0  0  0  0  0  0 -1  1  0  0
  0  0  0  0  0  0  0  0  0  0  0  0  0  0  0  0
  0  0  0  0  0  0  0  0  0  1  0 -1 19 -20  1  0
  0  0  0  0  0  0  0  0  0  0  0  0  0  0  0  0
  0.511754699678   0.000000000000

   5    0    5    5 
 0132 3012 0213 0132
   0    0    0    0 
  0  0  0  0  0  0 -1  1  0  0  0  0  0  0  0  0
  0  0  0  0  0  0  0  0  0  0  0  0  0  0  0  0
  0  1 -1  0  0  0 20 -20  0  0  0  0  0  0  0  0
  0  0  0  0  0  0  0  0  0  0  0  0  0  0  0  0
  0.500000000000   0.000000000000

   4    4    4    0 
 0132 0213 0132 1302
   0    0    0    0 
  0  0  0  0  0  0 -1  1  0  1  0 -1  0  0  0  0
  0  0  0  0  0  0  0  0  0  0  0  0  0  0  0  0
  0  1  0 -1  0  0 20 -20  0 -20  0 20  0  0  0  0
  0  0  0  0  0  0  0  0  0  0  0  0  0  0  0  0
  2.000000000000   0.000000000000

