% Triangulation
newlinks/L111092
geometric_solution  16.15098543
oriented_manifold
CS_unknown

1 0
    torus   0.000000000000   0.000000000000

17
  15   15   12    7 
 0132 1302 0132 0132
   0    0    0    0 
  0  0  0  0  0  0  1 -1  0  0  0  0  0  0  0  0
  0  0  0  0  0  0  0  0  0  0  0  0  0  0  0  0
  0  0  0  0  0  0 14 -14  0  0  0  0  0  1 -1  0
  0  0  0  0  0  0  0  0  0  0  0  0  0  0  0  0
  0.646356442589   0.788620197814

  15    2    2    5 
 1302 1023 0213 1230
   0    0    0    0 
  0 -1  0  1  0  0  0  0  0  0  0  0  0  0  0  0
  0  0  0  0  0  0  0  0  0  0  0  0  0  0  0  0
  0 -15  0 15  0  0  0  0  1  0  0 -1 -1  0  1  0
  0  0  0  0  0  0  0  0  0  0  0  0  0  0  0  0
  0.118267401100   1.144640785613

   1    1   16    3 
 1023 0213 0321 0132
   0    0    0    0 
  0  0  0  0  1  0 -1  0  0  0  0  0  0  0  0  0
  0  0  0  0  0  0  0  0  0  0  0  0  0  0  0  0
  0  0  0  0 15  0 -15  0  0  0  0  0  0 -1  1  0
  0  0  0  0  0  0  0  0  0  0  0  0  0  0  0  0
  0.910686965363   0.864408460668

  16    4    2   13 
 3012 1023 0132 0321
   0    0    0    0 
  0  0  0  0 -1  0  0  1  0  0  0  0  0  0  0  0
  0  0  0  0  0  0  0  0  0  0  0  0  0  0  0  0
  0  0  0  0 -14  0  0 14  0  0  0  0  0  0  0  0
  0  0  0  0  0  0  0  0  0  0  0  0  0  0  0  0
  0.844711065214   1.096580458189

   3    6    5    8 
 1023 0321 0132 1023
   0    0    0    0 
  0  1 -1  0  0  0 -1  1  0  0  0  0  0  0  0  0
  0  0  0  0  0  0  0  0  0  0  0  0  0  0  0  0
  0 15 -15  0  0  0 -15 15  0  0  0  0  0  0  0  0
  0  0  0  0  0  0  0  0  0  0  0  0  0  0  0  0
  0.489586022884   0.640925734499

   1    7   14    4 
 3012 1023 2031 0132
   0    0    0    0 
  0  0 -1  1 -1  0  0  1  0  0  0  0  0  0  0  0
  0  0  0  0  0  0  0  0  0  0  0  0  0  0  0  0
  0  0 -15 15 -15  0  0 15  0  0  0  0  1  0 -1  0
  0  0  0  0  0  0  0  0  0  0  0  0  0  0  0  0
  0.616598560654   0.447139056937

  10    9    8    4 
 0132 2031 1302 0321
   0    0    0    0 
  0  0  1 -1  0  0  0  0  0  0  0  0  0  0  0  0
  0  0  0  0  0  0  0  0  0  0  0  0  0  0  0  0
  0  1 14 -15  0  0  0  0  0  0  0  0  0  1 -1  0
  0  0  0  0  0  0  0  0  0  0  0  0  0  0  0  0
 -0.123845347882   1.002397853973

   5   11    0    8 
 1023 1023 0132 0132
   0    0    0    0 
  0  1  0 -1  0  0  1 -1  0  0  0  0  0  0  0  0
  0  0  0  0  0  0  0  0  0  0  0  0  0  0  0  0
  0 15  0 -15  0  0 14 -14  0  0  0  0  0  0  0  0
  0  0  0  0  0  0  0  0  0  0  0  0  0  0  0  0
  0.890885615522   0.758213455343

   6   10    7    4 
 2031 0132 0132 1023
   0    0    0    0 
  0  0  1 -1 -1  0  1  0  0  0  0  0  0  0  0  0
  0  0  0  0  0  0  0  0  0  0  0  0  0  0  0  0
  0  0 15 -15 -14  0 14  0  1 -1  0  0  0  0  0  0
  0  0  0  0  0  0  0  0  0  0  0  0  0  0  0  0
  0.799406986390   1.122900925753

   6   12   10   12 
 1302 1023 0132 0321
   0    0    0    0 
  0 -1  0  1  0  0  0  0  0  0  0  0  0  0  0  0
  0  0  0  0  0  0  0  0  0  0  0  0  0  0  0  0
  0 -14  0 14 -1  0  1  0 -1  1  0  0  0  0  0  0
  0  0  0  0  0  0  0  0  0  0  0  0  0  0  0  0
  0.221816785446   0.769516531401

   6    8   13    9 
 0132 0132 0132 0132
   0    0    0    0 
  0  0  0  0  0  0  0  0  0  0  0  0  0  0  0  0
  0  0  0  0  0  0  0  0  0  0  0  0  0  0  0  0
  0  0  0  0  0  0  1 -1  0  0  0  0  0  1 -1  0
  0  0  0  0  0  0  0  0  0  0  0  0  0  0  0  0
  0.372775973341   1.003990249474

   7   13   14   12 
 1023 0213 0213 0132
   0    0    0    0 
  0  0  1 -1 -1  0  1  0  0  0  0  0  0  0  0  0
  0  0  0  0  0  0  0  0  0  0  0  0  0  0  0  0
  0  0 14 -14 -15  0 15  0  0  0  0  0  0  0  0  0
  0  0  0  0  0  0  0  0  0  0  0  0  0  0  0  0
  1.029914788410   0.745415832935

   9    9   11    0 
 1023 0321 0132 0132
   0    0    0    0 
  0 -1  1  0  1  0  0 -1  0  0  0  0  0  0  0  0
  0  0  0  0  0  0  0  0  0  0  0  0  0  0  0  0
  0 -14 14  0 14  0  0 -14 -1  0  0  1  0  0  0  0
  0  0  0  0  0  0  0  0  0  0  0  0  0  0  0  0
  0.649717873148   0.642481917861

  16    3   11   10 
 0213 0321 0213 0132
   0    0    0    0 
  0  0  0  0  0  0  0  0  0  0  0  0  1 -1  0  0
  0  0  0  0  0  0  0  0  0  0  0  0  0  0  0  0
  0  0  0  0  1  0  0 -1 -1  0  0  1 14 -14  0  0
  0  0  0  0  0  0  0  0  0  0  0  0  0  0  0  0
  0.694773156148   0.834819318833

  15   11   16    5 
 2310 0213 0213 1302
   0    0    0    0 
  0 -1  1  0  0  0  0  0  0 -1  0  1  0  0  0  0
  0  0  0  0  0  0  0  0  0  0  0  0  0  0  0  0
  0 -14 14  0  0  0 -1  1  0 -15  0 15 -1  0  1  0
  0  0  0  0  0  0  0  0  0  0  0  0  0  0  0  0
  0.173756053873   0.833114007481

   0    1   14    0 
 0132 2031 3201 2031
   0    0    0    0 
  0  0  0  0  0  0  0  0  0  0  0  0  0  0  0  0
  0  0  0  0  0  0  0  0  0  0  0  0  0  0  0  0
  0 -1  1  0  0  0  0  0  0  1  0 -1  0  0  0  0
  0  0  0  0  0  0  0  0  0  0  0  0  0  0  0  0
  0.473427554542   1.055736839791

  13   14    2    3 
 0213 0213 0321 1230
   0    0    0    0 
  0 -1  0  1  0  0  0  0  0  0  0  0 -1  0  1  0
  0  0  0  0  0  0  0  0  0  0  0  0  0  0  0  0
  0 -14  0 14  1  0 -1  0 -1  1  0  0 -14 -1 15  0
  0  0  0  0  0  0  0  0  0  0  0  0  0  0  0  0
  0.563300387289   0.446998801251

