% Triangulation
newlinks/L111515
geometric_solution  13.04503717
oriented_manifold
CS_unknown

1 0
    torus   0.000000000000   0.000000000000

14
   9   10    8   13 
 0321 3201 1023 0213
   0    0    0    0 
  0  1 -1  0  0  0  0  0  1 -1  0  0  0  0  0  0
  0  0  0  0  0  0  0  0  0  0  0  0  0  0  0  0
  0 12 -12  0  0  0  0  0 11 -12  0  1 -1  0  1  0
  0  0  0  0  0  0  0  0  0  0  0  0  0  0  0  0
  0.795972646018   0.969741122986

   8   13    2    4 
 0213 2103 0213 0213
   0    0    0    0 
  0  0  0  0  0  0  0  0  0 -1  0  1  0  0  0  0
  0  0  0  0  0  0  0  0  0  0  0  0  0  0  0  0
  0  0  0  0  0  0  0  0  0 -11  0 11 -1  0  1  0
  0  0  0  0  0  0  0  0  0  0  0  0  0  0  0  0
  0.626663759350   0.947636929917

   6    1    3    7 
 1302 0213 1023 2031
   0    0    0    0 
  0  0  0  0  1  0 -1  0  0  0  0  0  0  0  0  0
  0  0  0  0  0  0  0  0  0  0  0  0  0  0  0  0
  0  0  0  0 12  0 -12  0 -1  0  0  1  0 -1  1  0
  0  0  0  0  0  0  0  0  0  0  0  0  0  0  0  0
  0.628745875527   0.742599903114

   4    7    2    7 
 1023 0321 1023 1230
   0    0    0    0 
  0 -1  1  0  0  0  0  0  0  0  0  0  0  0  0  0
  0  0  0  0  0  0  0  0  0  0  0  0  0  0  0  0
  0 -11 12 -1  1  0  0 -1  0  1  0 -1  0  1 -1  0
  0  0  0  0  0  0  0  0  0  0  0  0  0  0  0  0
  0.626013327632   0.498923933278

   7    3    6    1 
 2031 1023 1302 0213
   0    0    0    0 
  0  0  0  0  1  0  0 -1  0  0  0  0  0  0  0  0
  0  0  0  0  0  0  0  0  0  0  0  0  0  0  0  0
  0 -1  1  0 11  0  0 -11  0  0  0  0  0  0  0  0
  0  0  0  0  0  0  0  0  0  0  0  0  0  0  0  0
  0.628745875527   0.742599903114

  13    8   11   10 
 2031 0132 1302 2310
   0    0    0    0 
  0  0  0  0  1  0 -1  0  0  0  0  0  0  0  0  0
  0  0  0  0  0  0  0  0  0  0  0  0  0  0  0  0
  0 -1  1  0 11  0 -11  0  0  0  0  0  0  0  0  0
  0  0  0  0  0  0  0  0  0  0  0  0  0  0  0  0
  0.795972646018   0.969741122986

   4    2    8   13 
 2031 2031 2031 1230
   0    0    0    0 
  0  0  0  0  0  0  0  0  0  0  0  0  0 -1  1  0
  0  0  0  0  0  0  0  0  0  0  0  0  0  0  0  0
  0  1  0 -1 -1  0  1  0  0  0  0  0  0 -12 12  0
  0  0  0  0  0  0  0  0  0  0  0  0  0  0  0  0
  0.626663759350   0.947636929917

   3    2    4    3 
 3012 1302 1302 0321
   0    0    0    0 
  0  0 -1  1  0  0  0  0  0  0  0  0  0  0  0  0
  0  0  0  0  0  0  0  0  0  0  0  0  0  0  0  0
  0  0 -11 11  1  0  0 -1  1  0  0 -1  1 -1  0  0
  0  0  0  0  0  0  0  0  0  0  0  0  0  0  0  0
  0.023102433260   0.778573801697

   1    5    0    6 
 0213 0132 1023 1302
   0    0    0    0 
  0  0  0  0  0  0  1 -1  0  0  0  0  0  0  0  0
  0  0  0  0  0  0  0  0  0  0  0  0  0  0  0  0
  0  1  0 -1  0  0 12 -12  0  0  0  0  1  0 -1  0
  0  0  0  0  0  0  0  0  0  0  0  0  0  0  0  0
  0.442420461967   0.808749371626

   0   11   10   12 
 0321 0321 0132 3120
   0    0    0    0 
  0  0  1 -1  0  0  0  0 -1  0  0  1  0  0  0  0
  0  0  0  0  0  0  0  0  0  0  0  0  0  0  0  0
  0  0 12 -12  1  0  0 -1 -11  0  0 11  0  0  0  0
  0  0  0  0  0  0  0  0  0  0  0  0  0  0  0  0
  0.965041974222   0.640787759929

   5   12    0    9 
 3201 0213 2310 0132
   0    0    0    0 
  0  0  1 -1  0  0  0  0  0  0  0  0  0  1 -1  0
  0  0  0  0  0  0  0  0  0  0  0  0  0  0  0  0
  0  0 12 -12  0  0  0  0  0  0  0  0  0 12 -12  0
  0  0  0  0  0  0  0  0  0  0  0  0  0  0  0  0
  1.001564440347   0.734560480226

   5   12   12    9 
 2031 2103 0132 0321
   0    0    0    0 
  0  0  0  0  0  0  0  0  0  0  0  0  1  0 -1  0
  0  0  0  0  0  0  0  0  0  0  0  0  0  0  0  0
  0  0  0  0 -1  0  1  0  0  0  0  0 11  0 -11  0
  0  0  0  0  0  0  0  0  0  0  0  0  0  0  0  0
  0.324406015437   0.903508448286

   9   11   10   11 
 3120 2103 0213 0132
   0    0    0    0 
  0  0  0  0  0  0  0  0 -1  0  0  1  1  0 -1  0
  0  0  0  0  0  0  0  0  0  0  0  0  0  0  0  0
  0  0  0  0  1  0  0 -1 -11  0  0 11 12  0 -12  0
  0  0  0  0  0  0  0  0  0  0  0  0  0  0  0  0
 -1.059485362560   0.886174702562

   6    1    5    0 
 3012 2103 1302 0213
   0    0    0    0 
  0  1 -1  0  0  0  0  0  0  0  0  0  0  0  0  0
  0  0  0  0  0  0  0  0  0  0  0  0  0  0  0  0
  0 11 -11  0  1  0  0 -1  0  0  0  0  0  0  0  0
  0  0  0  0  0  0  0  0  0  0  0  0  0  0  0  0
  0.479389831558   0.951680997569

