% Triangulation
newlinks/L111139
geometric_solution  11.44007909
oriented_manifold
CS_unknown

1 0
    torus   0.000000000000   0.000000000000

12
  10    1    1    4 
 0132 1023 0213 0132
   0    0    0    0 
  0 -1  1  0  0  0  0  0  0  0  0  0  0  0  0  0
  0  0  0  0  0  0  0  0  0  0  0  0  0  0  0  0
  0 -6  6  0  0  0  0  0  0  0  0  0 -1  0  1  0
  0  0  0  0  0  0  0  0  0  0  0  0  0  0  0  0
  0.288662348578   0.841813317906

   0    0    8    3 
 1023 0213 0132 1230
   0    0    0    0 
  0 -1  0  1  1  0  0 -1  0  0  0  0  0  0  0  0
  0  0  0  0  0  0  0  0  0  0  0  0  0  0  0  0
  0 -6  0  6  6  0  0 -6  0  0  0  0  0 -1  1  0
  0  0  0  0  0  0  0  0  0  0  0  0  0  0  0  0
  0.635516114906   1.062928331824

   5    5    7    3 
 3012 0132 0213 0132
   0    0    0    0 
  0  0 -1  1  0  0  0  0  1  0  0 -1  0  0  0  0
  0  0  0  0  0  0  0  0  0  0  0  0  0  0  0  0
  0  0 -5  5  0  0  0  0  6  0  0 -6  0 -1  1  0
  0  0  0  0  0  0  0  0  0  0  0  0  0  0  0  0
  0.607604347306   0.897445328089

   1    6    2    8 
 3012 0321 0132 0321
   0    0    0    0 
  0  1 -1  0 -1  0  0  1  1  0  0 -1  0 -1  1  0
  0  0  0  0  0  0  0  0  0  0  0  0  0  0  0  0
  0  5 -5  0 -6  0  0  6  6  0  0 -6  0 -6  6  0
  0  0  0  0  0  0  0  0  0  0  0  0  0  0  0  0
  0.080577464619   0.587542355217

   7    6    0    5 
 3120 0213 0132 0132
   0    0    0    0 
  0  0  0  0  0  0  0  0  0  0  0  0  0  0  0  0
  0  0  0  0  0  0  0  0  0  0  0  0  0  0  0  0
  0  0  0  0  0  0  0  0  0  0  0  0  0  0  0  0
  0  0  0  0  0  0  0  0  0  0  0  0  0  0  0  0
  0.581280208028   1.583447475778

  11    2    4    2 
 2031 0132 0132 1230
   0    0    0    0 
  0  0  0  0  1  0  0 -1  0  0  0  0  0  0  0  0
  0  0  0  0  0  0  0  0  0  0  0  0  0  0  0  0
  0  0  0  0  6  0  0 -6 -1  1  0  0  0  0  0  0
  0  0  0  0  0  0  0  0  0  0  0  0  0  0  0  0
  0.482709926556   0.764049108169

   8    8    4    3 
 2310 1023 0213 0321
   0    0    0    0 
  0  1  0 -1 -1  0  0  1 -1  1  0  0  0  0  0  0
  0  0  0  0  0  0  0  0  0  0  0  0  0  0  0  0
  0  5  0 -5 -6  0  0  6 -5  5  0  0  0  0  0  0
  0  0  0  0  0  0  0  0  0  0  0  0  0  0  0  0
  0.047431327022   0.852735358332

   9    2    9    4 
 1023 0213 2103 3120
   0    0    0    0 
  0  1 -1  0 -1  0  1  0  0  0  0  0  0  0  0  0
  0  0  0  0  0  0  0  0  0  0  0  0  0  0  0  0
  0  5 -5  0 -5  0  5  0  0  0  0  0  1 -1  0  0
  0  0  0  0  0  0  0  0  0  0  0  0  0  0  0  0
  0.114210690674   0.891488827934

   6    3    6    1 
 1023 0321 3201 0132
   0    0    0    0 
  0  0  0  0 -1  0  1  0 -1  1  0  0  0 -1  1  0
  0  0  0  0  0  0  0  0  0  0  0  0  0  0  0  0
  0  0  0  0 -5  0  5  0 -5  6  0 -1  0 -6  6  0
  0  0  0  0  0  0  0  0  0  0  0  0  0  0  0  0
  0.192597909506   0.690493619813

   7    7   11   10 
 2103 1023 3012 0132
   0    0    0    0 
  0  1 -1  0 -1  0  0  1  1  0  0 -1  0  0  0  0
  0  0  0  0  0  0  0  0  0  0  0  0  0  0  0  0
  0  5 -5  0 -5  0  0  5  5  0  0 -5  0 -1  1  0
  0  0  0  0  0  0  0  0  0  0  0  0  0  0  0  0
  0.560847988619   0.564456706306

   0   11    9   11 
 0132 0321 0132 3120
   0    0    0    0 
  0 -1  0  1  0  0 -1  1  0  0  0  0  0 -1  1  0
  0  0  0  0  0  0  0  0  0  0  0  0  0  0  0  0
  0 -6  0  6  0  0 -5  5  1 -1  0  0  0 -5  5  0
  0  0  0  0  0  0  0  0  0  0  0  0  0  0  0  0
  0.697267404033   0.530486712561

  10    9    5   10 
 3120 1230 1302 0321
   0    0    0    0 
  0  0 -1  1 -1  0  0  1  0  0  0  0 -1  1  0  0
  0  0  0  0  0  0  0  0  0  0  0  0  0  0  0  0
  0  0 -6  6 -5  0  0  5  0 -1  0  1 -6  5  1  0
  0  0  0  0  0  0  0  0  0  0  0  0  0  0  0  0
  0.091624238570   0.691099668024

