% Triangulation
newlinks/L111241
geometric_solution  9.73049546
oriented_manifold
CS_unknown

1 0
    torus   0.000000000000  -0.000000000000

11
  10    8    1    6 
 1302 1023 0132 3012
   0    0    0    0 
  0  0  0  0  1  0 -1  0  0  0  0  0  0 -1  1  0
  0  0  0  0  0  0  0  0  0  0  0  0  0  0  0  0
  0  0  0  0  6  0 -6  0  0 -1  0  1  0 -6  6  0
  0  0  0  0  0  0  0  0  0  0  0  0  0  0  0  0
  0.761667659733   0.778151269349

   3    7    6    0 
 2310 1023 3201 0132
   0    0    0    0 
  0  0  0  0 -1  0  0  1  0  1  0 -1  0  0  0  0
  0  0  0  0  0  0  0  0  0  0  0  0  0  0  0  0
  0  1 -1  0 -5  0 -1  6  0  6  0 -6  0  0  0  0
  0  0  0  0  0  0  0  0  0  0  0  0  0  0  0  0
  0.596587330009   0.338321569539

   9    5    4    8 
 0132 2310 0132 0132
   0    0    0    0 
  0  0  0  0  0  0  0  0  0  0  0  0  0  0  0  0
  0  0  0  0  0  0  0  0  0  0  0  0  0  0  0  0
  0  0  0  0  0  0  0  0  0  0  0  0 -1  1  0  0
  0  0  0  0  0  0  0  0  0  0  0  0  0  0  0  0
  0.621925691166   2.070281395740

  10    4    1    7 
 0213 0213 3201 0213
   0    0    0    0 
  0  0  0  0  1  0  0 -1  0  0  0  0  0 -1  1  0
  0  0  0  0  0  0  0  0  0  0  0  0  0  0  0  0
  0  0  0  0  5  0  0 -5  1  0  0 -1  0 -5  5  0
  0  0  0  0  0  0  0  0  0  0  0  0  0  0  0  0
  0.927169374586   1.391123720998

   9    5    3    2 
 1023 3201 0213 0132
   0    0    0    0 
  0  0  0  0  0  0  0  0  0  0  0  0 -1  0  1  0
  0  0  0  0  0  0  0  0  0  0  0  0  0  0  0  0
  0  0  0  0  0  0  0  0  0  0  0  0 -5  0  5  0
  0  0  0  0  0  0  0  0  0  0  0  0  0  0  0  0
  0.129397409155   0.970328635192

   6    6    4    2 
 3012 3120 2310 3201
   0    0    0    0 
  0  0  0  0  0  0  0  0  0  0  0  0  0  0  0  0
  0  0  0  0  0  0  0  0  0  0  0  0  0  0  0  0
  0  1  0 -1  0  0  0  0 -1  1  0  0  0  0  0  0
  0  0  0  0  0  0  0  0  0  0  0  0  0  0  0  0
  0.191135916690   0.721923786232

   1    5    0    5 
 2310 3120 1230 1230
   0    0    0    0 
  0  0  0  0  0  0  0  0  0  0  0  0  0  0  0  0
  0  0  0  0  0  0  0  0  0  0  0  0  0  0  0  0
  0  0  0  0  0  0 -1  1  1 -1  0  0  1 -1  0  0
  0  0  0  0  0  0  0  0  0  0  0  0  0  0  0  0
  0.657282491022   1.294450179614

   1    9    8    3 
 1023 0321 0132 0213
   0    0    0    0 
  0  0  0  0  0  0  0  0 -1  0  0  1  0  0  0  0
  0  0  0  0  0  0  0  0  0  0  0  0  0  0  0  0
  0  0  0  0 -1  0  0  1 -6  1  0  5  0  0  0  0
  0  0  0  0  0  0  0  0  0  0  0  0  0  0  0  0
  0.426815449635   0.531994008605

   0   10    2    7 
 1023 0213 0132 0132
   0    0    0    0 
  0  0  0  0  0  0  0  0  0  0  0  0  1 -1  0  0
  0  0  0  0  0  0  0  0  0  0  0  0  0  0  0  0
  0  0  0  0  0  0  0  0  1 -1  0  0  6 -6  0  0
  0  0  0  0  0  0  0  0  0  0  0  0  0  0  0  0
  0.391754746302   0.882098488690

   2    4   10    7 
 0132 1023 0132 0321
   0    0    0    0 
  0  0  0  0  0  0  0  0  0  0  0  0  0  1 -1  0
  0  0  0  0  0  0  0  0  0  0  0  0  0  0  0  0
  0  0  0  0  0  0  0  0  1  0  0 -1  0  5 -5  0
  0  0  0  0  0  0  0  0  0  0  0  0  0  0  0  0
 -0.399477019825   0.490755166048

   3    0    8    9 
 0213 2031 0213 0132
   0    0    0    0 
  0  0  0  0  0  0  0  0 -1  0  0  1  0 -1  1  0
  0  0  0  0  0  0  0  0  0  0  0  0  0  0  0  0
  0  0  0  0 -1  0  1  0 -5  0  0  5  0 -6  6  0
  0  0  0  0  0  0  0  0  0  0  0  0  0  0  0  0
  0.011137392277   1.476748581503

