% Triangulation
newlinks/L111442
geometric_solution  16.38967677
oriented_manifold
CS_unknown

1 0
    torus   0.000000000000  -0.000000000000

17
  12   12    1    6 
 1023 0321 0132 1023
   0    0    0    0 
  0  0  0  0 -1  0  1  0  0  0  0  0  1  0 -1  0
  0  0  0  0  0  0  0  0  0  0  0  0  0  0  0  0
  0  0  0  0  2  0 -2  0  0 -1  0  1 -2  0  2  0
  0  0  0  0  0  0  0  0  0  0  0  0  0  0  0  0
  0.659568732565   0.611332722645

  10    2    2    0 
 0132 0132 1302 0132
   0    0    0    0 
  0  0  0  0  0  0  1 -1  0 -1  0  1  0  0  0  0
  0  0  0  0  0  0  0  0  0  0  0  0  0  0  0  0
  0  0  0  0  0  0 -2  2  0  2  0 -2 -1  1  0  0
  0  0  0  0  0  0  0  0  0  0  0  0  0  0  0  0
  0.733157868909   0.842708812615

   1    1    3    4 
 2031 0132 0132 0132
   0    0    0    0 
  0  0  0  0  0  0  0  0  0  0  0  0 -1  1  0  0
  0  0  0  0  0  0  0  0  0  0  0  0  0  0  0  0
  0  0  0  0  0  0  0  0  0 -1  0  1  2 -2  0  0
  0  0  0  0  0  0  0  0  0  0  0  0  0  0  0  0
  0.412382430225   0.675421386711

  13   12    8    2 
 1230 0213 1302 0132
   0    0    0    0 
  0  1 -1  0  0  0  0  0  0  0  0  0 -1  0  1  0
  0  0  0  0  0  0  0  0  0  0  0  0  0  0  0  0
  0 -2  2  0  0  0  0  0  0  0  0  0  1  0 -1  0
  0  0  0  0  0  0  0  0  0  0  0  0  0  0  0  0
  0.643071106104   0.687687193955

  14   11    2    5 
 2310 0213 0132 0132
   0    0    0    0 
  0  0  0  0  0  0  0  0  0  0  0  0  1 -1  0  0
  0  0  0  0  0  0  0  0  0  0  0  0  0  0  0  0
  0  0  0  0  0  0  0  0  0  0  0  0 -1  2 -1  0
  0  0  0  0  0  0  0  0  0  0  0  0  0  0  0  0
  0.562578697136   1.450265990219

  15    9    4    9 
 0213 0132 0132 1230
   0    0    0    0 
  0  0  0  0  0  0  0  0  0  0  0  0  0  0  0  0
  0  0  0  0  0  0  0  0  0  0  0  0  0  0  0  0
  0  0  0  0  0  0  0  0  1  0  0 -1  0  0  0  0
  0  0  0  0  0  0  0  0  0  0  0  0  0  0  0  0
  0.427694848466   0.782444607094

  10   10    7    0 
 1023 0321 0132 1023
   0    0    0    0 
  0  0  0  0  0  0  0  0  0  0  0  0 -1  1  0  0
  0  0  0  0  0  0  0  0  0  0  0  0  0  0  0  0
  0  0  0  0 -1  0  1  0  0  1  0 -1  2 -2  0  0
  0  0  0  0  0  0  0  0  0  0  0  0  0  0  0  0
  0.561866866735   0.598677671035

  14    9   13    6 
 0321 0213 3201 0132
   0    0    0    0 
  0  0  0  0  0  0  0  0  0  0  0  0  0  0  0  0
  0  0  0  0  0  0  0  0  0  0  0  0  0  0  0  0
  0  1 -1  0  0  0  1 -1  0  0  0  0  0  1 -1  0
  0  0  0  0  0  0  0  0  0  0  0  0  0  0  0  0
  1.040447843558   0.846646563859

   3   11    9   10 
 2031 0321 0132 0132
   0    0    0    0 
  0  0  0  0  1  0  0 -1 -1  0  0  1  0  0  0  0
  0  0  0  0  0  0  0  0  0  0  0  0  0  0  0  0
  0  0 -1  1 -2  0  0  2  1  1  0 -2  0  0  0  0
  0  0  0  0  0  0  0  0  0  0  0  0  0  0  0  0
  0.581772786550   0.821220164619

   5    5    7    8 
 3012 0132 0213 0132
   0    0    0    0 
  0  0  0  0  0  0  0  0  0  0  0  0  0  0  0  0
  0  0  0  0  0  0  0  0  0  0  0  0  0  0  0  0
  0  0 -1  1  0  0  0  0  0  0  0  0  1  0 -1  0
  0  0  0  0  0  0  0  0  0  0  0  0  0  0  0  0
  0.608995453060   0.832606882386

   1    6    8    6 
 0132 1023 0132 0321
   0    0    0    0 
  0  0  0  0  0  0  1 -1  0  0  0  0  0  1 -1  0
  0  0  0  0  0  0  0  0  0  0  0  0  0  0  0  0
  0  1 -1  0  0  0 -2  2  1  0  0 -1  0 -2  2  0
  0  0  0  0  0  0  0  0  0  0  0  0  0  0  0  0
  0.166504835411   0.888101743487

  16   14    4    8 
 1230 3120 0213 0321
   0    0    0    0 
  0  0  0  0  0  0  0  0  0  0  0  0 -1  0  1  0
  0  0  0  0  0  0  0  0  0  0  0  0  0  0  0  0
  0  0  0  0  0  0  0  0  0  1  0 -1  2  0 -2  0
  0  0  0  0  0  0  0  0  0  0  0  0  0  0  0  0
 -0.116917906459   1.394779462235

  16    0    3    0 
 2310 1023 0213 0321
   0    0    0    0 
  0  1 -1  0  0  0  0  0  0  0  0  0  1 -1  0  0
  0  0  0  0  0  0  0  0  0  0  0  0  0  0  0  0
  0 -2  2  0  0  0  0  0 -1  0  0  1 -2  2  0  0
  0  0  0  0  0  0  0  0  0  0  0  0  0  0  0  0
  0.184467746253   0.755890218065

   7    3   14   15 
 2310 3012 0132 0321
   0    0    0    0 
  0  1 -1  0  0  0  0  0  0  0  0  0  0  0  0  0
  0  0  0  0  0  0  0  0  0  0  0  0  0  0  0  0
  0 -1  1  0  1  0  0 -1 -1  0  0  1  1  0 -1  0
  0  0  0  0  0  0  0  0  0  0  0  0  0  0  0  0
  0.450144670567   0.874262535863

   7   11    4   13 
 0321 3120 3201 0132
   0    0    0    0 
  0  0 -1  1  0  0  0  0  0  0  0  0  0  0  0  0
  0  0  0  0  0  0  0  0  0  0  0  0  0  0  0  0
  0  0  1 -1  0  0  0  0  0 -1  0  1  0  0  0  0
  0  0  0  0  0  0  0  0  0  0  0  0  0  0  0  0
  0.001418939093   1.434323561149

   5   13   16   16 
 0213 0321 0132 3120
   0    0    0    0 
  0  0  0  0  0  0  0  0  0  0  0  0  0  0  0  0
  0  0  0  0  0  0  0  0  0  0  0  0  0  0  0  0
  0  0  0  0 -1  0  1  0  0 -1  0  1  0  1 -1  0
  0  0  0  0  0  0  0  0  0  0  0  0  0  0  0  0
  0.682919338153   1.226809955785

  15   11   12   15 
 3120 3012 3201 0132
   0    0    0    0 
  0  1 -1  0  0  0  0  0  0  0  0  0  0  0  0  0
  0  0  0  0  0  0  0  0  0  0  0  0  0  0  0  0
  0 -2  2  0  0  0  1 -1 -1  0  0  1  0  0  0  0
  0  0  0  0  0  0  0  0  0  0  0  0  0  0  0  0
  0.197483872808   0.764080596580

