% Triangulation
newlinks/L111366
geometric_solution  16.04092830
oriented_manifold
CS_unknown

1 0
    torus   0.000000000000   0.000000000000

17
  10   15    7    4 
 2031 0213 0321 1230
   0    0    0    0 
  0  0  0  0  0  0  0  0 -1  1  0  0 -1  1  0  0
  0  0  0  0  0  0  0  0  0  0  0  0  0  0  0  0
  0  0  0  0  0  0 -1  1 -6  6  0  0 -6  5  1  0
  0  0  0  0  0  0  0  0  0  0  0  0  0  0  0  0
  1.006690171349   0.937212554731

   4    4   14    2 
 3012 0132 0132 0132
   0    0    0    0 
  0  0  0  0 -1  0  1  0  1 -1  0  0  0  0  0  0
  0  0  0  0  0  0  0  0  0  0  0  0  0  0  0  0
  0  0  0  0 -5  0  5  0  5 -5  0  0  0 -1  1  0
  0  0  0  0  0  0  0  0  0  0  0  0  0  0  0  0
  0.702446005963   0.913456477821

  10    5    1   15 
 0213 0321 0132 0213
   0    0    0    0 
  0  0  0  0  1  0  0 -1  1  0  0 -1  0  0  0  0
  0  0  0  0  0  0  0  0  0  0  0  0  0  0  0  0
  0  0  0  0  6  0  0 -6  6  0  0 -6  0  0  0  0
  0  0  0  0  0  0  0  0  0  0  0  0  0  0  0  0
  0.613955915164   0.673523599521

   5    5    8    4 
 1023 0213 3012 0132
   0    0    0    0 
  0 -1  0  1  1  0  0 -1 -1  0  0  1  0  0  0  0
  0  0  0  0  0  0  0  0  0  0  0  0  0  0  0  0
  0 -5  0  5  5  0  0 -5 -5  0  0  5  0 -1  1  0
  0  0  0  0  0  0  0  0  0  0  0  0  0  0  0  0
  0.702446005963   0.913456477821

   0    1    3    1 
 3012 0132 0132 1230
   0    0    0    0 
  0  0 -1  1  0  0  1 -1  0  0  0  0  0  1 -1  0
  0  0  0  0  0  0  0  0  0  0  0  0  0  0  0  0
  0  0 -5  5  0  0  5 -5 -1  1  0  0  0  5 -5  0
  0  0  0  0  0  0  0  0  0  0  0  0  0  0  0  0
  0.470983219907   0.687930176198

  16    3    3    2 
 3012 1023 0213 0321
   0    0    0    0 
  0 -1  1  0  0  0  0  0 -1  1  0  0  0  0  0  0
  0  0  0  0  0  0  0  0  0  0  0  0  0  0  0  0
  0 -5  5  0  0  0  0  0 -5  5  0  0 -1  0  1  0
  0  0  0  0  0  0  0  0  0  0  0  0  0  0  0  0
  0.322397592654   0.989723463120

   9    8    7    8 
 0132 0321 0132 3120
   0    0    0    0 
  0  0  1 -1  0  0  0  0  0  0  0  0  0  0  0  0
  0  0  0  0  0  0  0  0  0  0  0  0  0  0  0  0
  0  0  6 -6  1  0 -1  0  1 -1  0  0  0  0  0  0
  0  0  0  0  0  0  0  0  0  0  0  0  0  0  0  0
  0.413891295714   0.677738195709

   9   12    0    6 
 3012 3120 0321 0132
   0    0    0    0 
  0  1  0 -1  0  0  0  0  0  0  0  0  0  0  0  0
  0  0  0  0  0  0  0  0  0  0  0  0  0  0  0  0
  0  6  0 -6  0  0 -1  1  0  0  0  0  0 -1  1  0
  0  0  0  0  0  0  0  0  0  0  0  0  0  0  0  0
  1.074892745466   1.632064666037

   6    3   12    6 
 3120 1230 3201 0321
   0    0    0    0 
  0  0  0  0  0  0  0  0  0  0  0  0  1  0 -1  0
  0  0  0  0  0  0  0  0  0  0  0  0  0  0  0  0
  0  0  0  0  0  0  0  0  0 -1  0  1  6  0 -6  0
  0  0  0  0  0  0  0  0  0  0  0  0  0  0  0  0
  0.343691276238   1.074691579353

   6   11   13    7 
 0132 1302 3012 1230
   0    0    0    0 
  0  0  0  0  0  0  0  0  0  0  0  0  0  0  0  0
  0  0  0  0  0  0  0  0  0  0  0  0  0  0  0  0
  0  0  0  0 -1  0  1  0  0  0  0  0 -1  1  0  0
  0  0  0  0  0  0  0  0  0  0  0  0  0  0  0  0
  0.541945137992   0.595319387251

   2   12    0   11 
 0213 0213 1302 0132
   0    0    0    0 
  0  0  0  0 -1  0  1  0 -1  1  0  0  0 -1  1  0
  0  0  0  0  0  0  0  0  0  0  0  0  0  0  0  0
  0  0  0  0 -6  0  6  0 -6  6  0  0  0 -6  6  0
  0  0  0  0  0  0  0  0  0  0  0  0  0  0  0  0
  1.011509642639   1.422357521576

  14   13   10    9 
 2310 0321 0132 2031
   0    0    0    0 
  0  0  0  0  0  0  0  0 -1  1  0  0  0  0  0  0
  0  0  0  0  0  0  0  0  0  0  0  0  0  0  0  0
  0  0  0  0  0  0  0  0 -5  6  0 -1  0  0  0  0
  0  0  0  0  0  0  0  0  0  0  0  0  0  0  0  0
  0.225846346326   0.619089906285

   8    7   10   13 
 2310 3120 0213 0132
   0    0    0    0 
  0  0  0  0  1  0 -1  0  0  0  0  0  0 -1  1  0
  0  0  0  0  0  0  0  0  0  0  0  0  0  0  0  0
  0  1  0 -1  6  0 -6  0  0  0  0  0  0 -6  6  0
  0  0  0  0  0  0  0  0  0  0  0  0  0  0  0  0
 -0.695971644062   1.078213974540

  15    9   12   11 
 1023 1230 0132 0321
   0    0    0    0 
  0  0  0  0  0  0  0  0  1  0  0 -1  0  0  0  0
  0  0  0  0  0  0  0  0  0  0  0  0  0  0  0  0
  0 -1  1  0  0  0  0  0  6  0  0 -6  0  0  0  0
  0  0  0  0  0  0  0  0  0  0  0  0  0  0  0  0
  0.186961380795   0.712747810328

  16   16   11    1 
 0321 3120 3201 0132
   0    0    0    0 
  0  0  0  0  0  0  1 -1  0  0  0  0  0  0  0  0
  0  0  0  0  0  0  0  0  0  0  0  0  0  0  0  0
  0  0  0  0  0  0  5 -5  1  0  0 -1  0  0  0  0
  0  0  0  0  0  0  0  0  0  0  0  0  0  0  0  0
  0.300735078698   0.671172402073

  16   13    0    2 
 2031 1023 0213 0213
   0    0    0    0 
  0  0  0  0  0  0 -1  1  0 -1  0  1  1  0 -1  0
  0  0  0  0  0  0  0  0  0  0  0  0  0  0  0  0
  0  0  0  0  0  0 -6  6  0 -6  0  6  5  0 -5  0
  0  0  0  0  0  0  0  0  0  0  0  0  0  0  0  0
  0.633709403754   0.650869604953

  14   14   15    5 
 0321 3120 1302 1230
   0    0    0    0 
  0  0  0  0  0  0 -1  1  0  0  0  0  0  0  0  0
  0  0  0  0  0  0  0  0  0  0  0  0  0  0  0  0
  0  0  0  0  0  0 -5  5 -1  0  0  1  0  0  0  0
  0  0  0  0  0  0  0  0  0  0  0  0  0  0  0  0
  0.300735078698   0.671172402073

