% Triangulation
newlinks/L207007
flat_solution  0.00000000
oriented_manifold
CS_unknown

2 0
    torus   0.000000000000  -0.000000000000
    torus   0.000000000000  -0.000000000000

4
   2    2    1    3 
 1023 1023 0132 0132
   1    1    0    1 
  0  1  0 -1 -2  0  2  0  0  0  0  0  0  0  0  0
  0  0  0  0  0  0  0  0  0  0  0  0  0  0  0  0
  0 -1  0  1  1  0 -1  0  0 -1  0  1  0  0  0  0
  0  0  0  0  0  0  0  0  0  0  0  0  0  0  0  0
 -0.500000000000   0.000000000000

   2    3    3    0 
 3012 1023 0213 0132
   1    1    1    0 
  0  0  0  0  3  0 -1 -2 -1  1  0  0  0 -1  1  0
  0  0  0  0  0  0  0  0  0  0  0  0  0  0  0  0
  0  0  0  0 -2  0  1  1  1 -1  0  0  1  4 -5  0
  0  0  0  0  0  0  0  0  0  0  0  0  0  0  0  0
  2.000000000000   0.000000000000

   0    0    3    1 
 1023 1023 0132 1230
   1    1    0    1 
  0  2  1 -3 -1  0  0  1  0  0  0  0  0  0  0  0
  0  0  0  0  0  0  0  0  0  0  0  0  0  0  0  0
  0 -1 -1  2  1  0  0 -1  1  0  0 -1  0  0  0  0
  0  0  0  0  0  0  0  0  0  0  0  0  0  0  0  0
 -2.000000000000   0.000000000000

   1    1    0    2 
 1023 0213 0132 0132
   1    1    1    0 
  0  0  1 -1  0  0  0  0 -1  1  0  0  1 -1  0  0
  0  0  0  0  0  0  0  0  0  0  0  0  0  0  0  0
  0  0 -1  1  0  0  0  0  1 -1  0  0 -4  5 -1  0
  0  0  0  0  0  0  0  0  0  0  0  0  0  0  0  0
  0.500000000000   0.000000000000

