% Triangulation
newlinks/L208004
geometric_solution  7.51768990
oriented_manifold
CS_unknown

2 0
    torus   0.000000000000   0.000000000000
    torus   0.000000000000   0.000000000000

8
   7    3    7    1 
 2031 3120 2310 0132
   0    1    1    1 
  0  0  0  0 -1  0  1  0 -1  1  0  0  1 -1  0  0
  0  0  0  0  0  0  0  0  0  0  0  0  0  0  0  0
  0  0 -1  1 -2  0  2  0 -2  2  0  0  3 -2 -1  0
  0  0  0  0  0  0  0  0  0  0  0  0  0  0  0  0
  0.760689853402   0.857873626595

   2    4    0    3 
 3012 2103 0132 3012
   0    1    1    1 
  0  0  0  0  0  0  0  0 -1  0  0  1  1 -1  0  0
  0  0  0  0  0  0  0  0  0  0  0  0  0  0  0  0
  0  1 -1  0  0  0  0  0 -3  0  0  3  3 -3  0  0
  0  0  0  0  0  0  0  0  0  0  0  0  0  0  0  0
  0.545510200083   0.377612347462

   7    7    5    1 
 0132 1302 1302 1230
   1    1    1    0 
  0  0  0  0 -1  0  0  1  0  1  0 -1  1 -1  0  0
  0  0  0  0  0  0  0  0  0  0  0  0  0  0  0  0
  0  0  0  0 -3  0  0  3  0  3  0 -3  2 -1 -1  0
  0  0  0  0  0  0  0  0  0  0  0  0  0  0  0  0
  0.301695873632   1.081512576550

   4    0    1    5 
 0132 3120 1230 1302
   1    1    1    0 
  0  1  0 -1  1  0 -1  0  0 -1  0  1  0  0  0  0
  0  0  0  0  0  0  0  0  0  0  0  0  0  0  0  0
  0  2  0 -2  3  0 -3  0  0 -2  0  2  0  0  0  0
  0  0  0  0  0  0  0  0  0  0  0  0  0  0  0  0
 -0.239310146598   0.857873626595

   3    1    6    6 
 0132 2103 1230 2031
   1    1    0    1 
  0  0  1 -1 -1  0  0  1  0  0  0  0  0  1 -1  0
  0  0  0  0  0  0  0  0  0  0  0  0  0  0  0  0
  0  0  2 -2 -3  0  0  3  0 -1  0  1  0  3 -3  0
  0  0  0  0  0  0  0  0  0  0  0  0  0  0  0  0
  0.301695873632   1.081512576550

   2    6    3    6 
 2031 2031 2031 0132
   1    1    0    1 
  0  1 -1  0  0  0  1 -1  0  0  0  0  0  0  0  0
  0  0  0  0  0  0  0  0  0  0  0  0  0  0  0  0
  0  2 -2  0  0  0  2 -2  1  0  0 -1  0  0  0  0
  0  0  0  0  0  0  0  0  0  0  0  0  0  0  0  0
  0.760689853402   0.857873626595

   5    4    5    4 
 1302 1302 0132 3012
   1    1    1    0 
  0 -1  0  1  0  0  1 -1 -1  1  0  0  0  0  0  0
  0  0  0  0  0  0  0  0  0  0  0  0  0  0  0  0
  0 -3  0  3  0  0  2 -2 -2  2  0  0  0 -1  1  0
  0  0  0  0  0  0  0  0  0  0  0  0  0  0  0  0
  0.760689853402   0.857873626595

   2    0    0    2 
 0132 3201 1302 2031
   1    1    0    1 
  0  0  1 -1  1  0 -1  0 -1  0  0  1  0 -1  1  0
  0  0  0  0  0  0  0  0  0  0  0  0  0  0  0  0
  0  1  2 -3  3  0 -3  0 -2  1  0  1  0 -2  2  0
  0  0  0  0  0  0  0  0  0  0  0  0  0  0  0  0
  0.421350946931   0.652575763252

