% Triangulation
newlinks/L208010
geometric_solution  9.65949854
oriented_manifold
CS_unknown

2 0
    torus   0.000000000000  -0.000000000000
    torus   0.000000000000  -0.000000000000

10
   8    8    6    9 
 0321 3120 2103 1230
   0    0    1    0 
  0  0  0  0  0  0  0  0  0  0  0  0  0  0  0  0
  0  0  0  0  0  0  0  0  0  0  0  0  0  0  0  0
  0  1 -1  0 -1  0  1  0  0 -1  0  1  0 -1  1  0
  0  0  0  0  0  0  0  0  0  0  0  0  0  0  0  0
  0.330177858940   0.777591397992

   2    8    9    5 
 0213 0213 0132 0132
   0    0    0    0 
  0  0  0  0  0  0 -1  1  0  0  0  0  0  0  0  0
  0  0  0  0  0  0  0  0  0  0  0  0  0  0  0  0
  0  0  0  0  0  0  3 -3  0  0  0  0  0  0  0  0
  0  0  0  0  0  0  0  0  0  0  0  0  0  0  0  0
  0.926474216538   0.847619622190

   1    6    3    4 
 0213 0321 0132 0213
   0    0    0    0 
  0  0  0  0  0  0  0  0  0  1  0 -1  0  0  0  0
  0  0  0  0  0  0  0  0  0  0  0  0  0  0  0  0
  0  1 -1  0  0  0  0  0  0 -2  0  2  0  0  0  0
  0  0  0  0  0  0  0  0  0  0  0  0  0  0  0  0
  0.568225904983   0.840182307463

   5    4    4    2 
 0321 0132 3201 0132
   0    0    0    0 
  0  0  0  0  0  0  0  0  0  0  0  0 -1  0  1  0
  0  0  0  0  0  0  0  0  0  0  0  0  0  0  0  0
  0  0 -1  1 -1  0  1  0  0  0  0  0  3 -1 -2  0
  0  0  0  0  0  0  0  0  0  0  0  0  0  0  0  0
  1.033155686520   0.765885817710

   3    3    5    2 
 2310 0132 0132 0213
   0    0    0    0 
  0  0  0  0 -1  0  0  1  0  0  0  0  0  0  0  0
  0  0  0  0  0  0  0  0  0  0  0  0  0  0  0  0
  0  0  0  0  2  0  0 -2 -1  1  0  0  1  0 -1  0
  0  0  0  0  0  0  0  0  0  0  0  0  0  0  0  0
  0.375356206402   0.463052983087

   3    6    1    4 
 0321 0213 0132 0132
   0    0    0    0 
  0  0  0  0  1  0 -1  0  0  0  0  0  0  0  0  0
  0  0  0  0  0  0  0  0  0  0  0  0  0  0  0  0
  0  0  0  0 -3  0  3  0  0 -1  0  1  1 -1  0  0
  0  0  0  0  0  0  0  0  0  0  0  0  0  0  0  0
  0.483869856559   0.941554616839

   0    7    5    2 
 2103 0213 0213 0321
   0    0    0    0 
  0  0  0  0  0  0  0  0  0  1  0 -1  0  0  0  0
  0  0  0  0  0  0  0  0  0  0  0  0  0  0  0  0
  0  1  0 -1 -1  0  1  0  1 -3  0  2 -1  0  1  0
  0  0  0  0  0  0  0  0  0  0  0  0  0  0  0  0
  0.412438935985   0.537552236428

   9    8    6    9 
 1230 0321 0213 0132
   0    0    1    0 
  0  0  0  0  0  0 -1  1 -1  0  0  1  0  0  0  0
  0  0  0  0  0  0  0  0  0  0  0  0  0  0  0  0
  0  1 -1  0  0  0  3 -3  1  1  0 -2  0  0  0  0
  0  0  0  0  0  0  0  0  0  0  0  0  0  0  0  0
  0.635921132763   0.738235976876

   0    0    1    7 
 0321 3120 0213 0321
   0    0    1    0 
  0  0  0  0  0  0  0  0  0  0  0  0  0  0  0  0
  0  0  0  0  0  0  0  0  0  0  0  0  0  0  0  0
  0  1  0 -1  0  0  0  0  0  1  0 -1  1 -1  0  0
  0  0  0  0  0  0  0  0  0  0  0  0  0  0  0  0
  0.330177858940   0.777591397992

   0    7    7    1 
 3012 3012 0132 0132
   0    0    0    1 
  0  0  0  0  0  0 -1  1  0  0  0  0  0  1 -1  0
  0  0  0  0  0  0  0  0  0  0  0  0  0  0  0  0
  0  0  0  0  0  0  3 -3  0  0  0  0 -1 -1  2  0
  0  0  0  0  0  0  0  0  0  0  0  0  0  0  0  0
  0.635921132763   0.738235976876

