% Triangulation
newlinks/L209003
geometric_solution  8.08558661
oriented_manifold
CS_unknown

2 0
    torus   0.000000000000  -0.000000000000
    torus   0.000000000000  -0.000000000000

9
   7    2    1    1 
 2310 0321 0132 2031
   0    0    1    0 
  0  0  0  0  0  0  0  0  0  0  0  0  0  0  0  0
  0  0  0  0  0  0  0  0  0  0  0  0  0  0  0  0
  0  0  0  0  1  0  0 -1  0 -1  0  1 -1  1  0  0
  0  0  0  0  0  0  0  0  0  0  0  0  0  0  0  0
  0.064316303652   0.949688956008

   7    0    2    0 
 0321 1302 1023 0132
   0    0    0    1 
  0  0  0  0  0  0  0  0  0  0  0  0  0  0  0  0
  0  0  0  0  0  0  0  0  0  0  0  0  0  0  0  0
  0  1 -1  0  0  0  0  0  0  0  0  0  0 -1  1  0
  0  0  0  0  0  0  0  0  0  0  0  0  0  0  0  0
 -0.706933983875   1.332324687470

   8    6    1    0 
 0132 3012 1023 0321
   0    0    1    1 
  0  0  0  0  0  0  0  0  1 -1  0  0  0  0  0  0
  0  0  0  0  0  0  0  0  0  0  0  0  0  0  0  0
  0  0  0  0  0  0  1 -1  2 -3  0  1  0  1 -1  0
  0  0  0  0  0  0  0  0  0  0  0  0  0  0  0  0
  0.377091250577   1.008670555781

   5    4    4    8 
 2310 3012 0132 0321
   0    1    1    0 
  0  0  0  0  0  0  0  0  0  0  0  0  0 -1  1  0
  0  0  0  0  0  0  0  0  0  0  0  0  0  0  0  0
  0  0  0  0  0  0 -1  1  0  0  0  0  1 -3  2  0
  0  0  0  0  0  0  0  0  0  0  0  0  0  0  0  0
  0.849850743798   0.614630168838

   3    7    5    3 
 1230 0132 0132 0132
   0    1    0    0 
  0  0  0  0  0  0  0  0  1  0  0 -1  0  0  0  0
  0  0  0  0  0  0  0  0  0  0  0  0  0  0  0  0
  0  1 -1  0  0  0 -1  1  3 -1  0 -2  0  0  0  0
  0  0  0  0  0  0  0  0  0  0  0  0  0  0  0  0
  0.849850743798   0.614630168838

   6    8    3    4 
 3201 0213 3201 0132
   0    1    0    1 
  0  0  0  0  0  0  0  0  0  0  0  0  1 -1  0  0
  0  0  0  0  0  0  0  0  0  0  0  0  0  0  0  0
  0  0 -1  1 -1  0  0  1  0  0  0  0  3 -3  0  0
  0  0  0  0  0  0  0  0  0  0  0  0  0  0  0  0
  1.147657700601   0.976619852046

   2    8    7    5 
 1230 0321 0132 2310
   0    1    1    0 
  0  0  0  0  1  0  0 -1  0  0  0  0  0  0  0  0
  0  0  0  0  0  0  0  0  0  0  0  0  0  0  0  0
  0  0  0  0  3  0  0 -3 -1  0  0  1  0  0  0  0
  0  0  0  0  0  0  0  0  0  0  0  0  0  0  0  0
  0.860484419018   0.792773029048

   1    4    0    6 
 0321 0132 3201 0132
   0    1    0    0 
  0  0  0  0  0  0  0  0  0  0  0  0  0  0  0  0
  0  0  0  0  0  0  0  0  0  0  0  0  0  0  0  0
  0 -1  1  0  0  0  0  0  0  0  0  0  0  1 -1  0
  0  0  0  0  0  0  0  0  0  0  0  0  0  0  0  0
  0.674813155398   0.869832950976

   2    3    5    6 
 0132 0321 0213 0321
   0    0    1    1 
  0  0  0  0  0  0  0  0  0  0  0  0 -1  0  1  0
  0  0  0  0  0  0  0  0  0  0  0  0  0  0  0  0
  0  0  0  0  0  0  0  0  0  0  0  0 -2 -1  3  0
  0  0  0  0  0  0  0  0  0  0  0  0  0  0  0  0
  0.873390696507   2.030098860231

