% Triangulation
newlinks/L209050
geometric_solution  4.41533248
oriented_manifold
CS_unknown

2 0
    torus   0.000000000000   0.000000000000
    torus   0.000000000000   0.000000000000

5
   3    3    4    2 
 0132 3201 2031 0213
   0    1    0    1 
  0 -1  1  0  1  0  0 -1  0  0  0  0 -1  1  0  0
  0  0  0  0  0  0  0  0  0  0  0  0  0  0  0  0
  0 -1  1  0 -3  0  0  3 -1  1  0  0  2 -2  0  0
  0  0  0  0  0  0  0  0  0  0  0  0  0  0  0  0
  1.176604982100   1.202820819285

   2    4    4    2 
 1023 3201 2310 0132
   0    0    1    1 
  0  0  0  0  0  0  0  0 -1  0  0  1  0  0  0  0
  0  0  0  0  0  0  0  0  0  0  0  0  0  0  0  0
  0 -1  1  0  0  0  0  0  2  0  0 -2  0  0  0  0
  0  0  0  0  0  0  0  0  0  0  0  0  0  0  0  0
  1.528556585674   1.008327689094

   3    1    1    0 
 3012 1023 0132 0213
   0    0    1    1 
  0  0  0  0  0  0  0  0 -2  1  0  1  1  0 -1  0
  0  0  0  0  0  0  0  0  0  0  0  0  0  0  0  0
  0  0  0  0  0  0  0  0  5 -2  0 -3 -2  0  2  0
  0  0  0  0  0  0  0  0  0  0  0  0  0  0  0  0
  0.380508189248   0.813834558902

   0    4    0    2 
 0132 3012 2310 1230
   0    1    1    0 
  0  0  0  0 -1  0 -1  2  1  0  0 -1  0 -1  1  0
  0  0  0  0  0  0  0  0  0  0  0  0  0  0  0  0
  0  1 -1  0  3  0  2 -5 -2  0  0  2  1 -2  1  0
  0  0  0  0  0  0  0  0  0  0  0  0  0  0  0  0
  0.584411396396   0.424848298518

   3    1    1    0 
 1230 3201 2310 1302
   1    1    0    0 
  0  0  0  0  0  0  0  0  1  0  0 -1  0  0  0  0
  0  0  0  0  0  0  0  0  0  0  0  0  0  0  0  0
  0  0  0  0  0  0  0  0  2 -1  0 -1 -1  0  1  0
  0  0  0  0  0  0  0  0  0  0  0  0  0  0  0  0
  0.380508189248   0.813834558902

