% Triangulation
newlinks/L209014
geometric_solution  9.31234132
oriented_manifold
CS_unknown

2 0
    torus   0.000000000000  -0.000000000000
    torus   0.000000000000  -0.000000000000

10
   1    7    7    5 
 1302 3012 0132 1230
   1    0    0    0 
  0  0 -1  1 -1  0  1  0  1 -1  0  0  0  0  0  0
  0  0  0  0  0  0  0  0  0  0  0  0  0  0  0  0
  0 -1  2 -1 -7  0  7  0  6 -7  0  1 -1  0  1  0
  0  0  0  0  0  0  0  0  0  0  0  0  0  0  0  0
  0.074056673254   1.005335969562

   4    0    2    4 
 1230 2031 0132 0132
   0    1    0    0 
  0 -1  0  1  1  0 -1  0  0  0  0  0  0  1 -1  0
  0  0  0  0  0  0  0  0  0  0  0  0  0  0  0  0
  0 -6  0  6 -1  0  1  0 -1  1  0  0  0  7 -7  0
  0  0  0  0  0  0  0  0  0  0  0  0  0  0  0  0
  0.074056673254   1.005335969562

   6    5    5    1 
 3012 2103 0132 0132
   0    1    0    0 
  0  0  0  0  0  0 -1  1 -1  0  0  1  0  0  0  0
  0  0  0  0  0  0  0  0  0  0  0  0  0  0  0  0
  0  0  0  0  0  0  1 -1 -7  0  0  7  0  0  0  0
  0  0  0  0  0  0  0  0  0  0  0  0  0  0  0  0
  0.927122829363   0.989323956666

   9    8    4    5 
 2031 2310 0132 0132
   0    1    0    1 
  0  1 -1  0  0  0  0  0  0  0  0  0 -1  1  0  0
  0  0  0  0  0  0  0  0  0  0  0  0  0  0  0  0
  0  6 -6  0  0  0  0  0  0  1  0 -1  2 -2  0  0
  0  0  0  0  0  0  0  0  0  0  0  0  0  0  0  0
  0.404905593485   0.595354384112

   8    1    1    3 
 2031 3012 0132 0132
   0    1    1    0 
  0  0 -1  1  0  0  0  0  1 -1  0  0  0  0  0  0
  0  0  0  0  0  0  0  0  0  0  0  0  0  0  0  0
  0  0 -6  6  0  0  0  0 -1  1  0  0 -1  1  0  0
  0  0  0  0  0  0  0  0  0  0  0  0  0  0  0  0
  0.074056673254   1.005335969562

   0    2    3    2 
 3012 2103 0132 0132
   0    1    0    0 
  0  0  0  0 -1  0  0  1  0  0  0  0  0  0  0  0
  0  0  0  0  0  0  0  0  0  0  0  0  0  0  0  0
  0  0  0  0  1  0  0 -1  0  0  0  0 -1  0  1  0
  0  0  0  0  0  0  0  0  0  0  0  0  0  0  0  0
  0.074056673254   1.005335969562

   9    7    8    2 
 1230 0213 0213 1230
   1    0    0    1 
  0  1 -1  0 -1  0  0  1  0  0  0  0  0  0  0  0
  0  0  0  0  0  0  0  0  0  0  0  0  0  0  0  0
  0 -2  2  0 -7  0  0  7  0  0  0  0  0  0  0  0
  0  0  0  0  0  0  0  0  0  0  0  0  0  0  0  0
  0.218925153855   1.148456186957

   0    9    6    0 
 1230 0321 0213 0132
   1    0    0    1 
  0  0 -1  1  1  0  0 -1  0  0  0  0  0  0  0  0
  0  0  0  0  0  0  0  0  0  0  0  0  0  0  0  0
  0  0  2 -2  7  0  0 -7  0  1  0 -1  1 -1  0  0
  0  0  0  0  0  0  0  0  0  0  0  0  0  0  0  0
  0.074056673254   1.005335969562

   9    6    4    3 
 0321 0213 1302 3201
   1    0    0    1 
  0  1  0 -1  0  0  0  0  1  0  0 -1  1  0 -1  0
  0  0  0  0  0  0  0  0  0  0  0  0  0  0  0  0
  0 -2  0  2  0  0  1 -1  6  0  0 -6 -1  0  1  0
  0  0  0  0  0  0  0  0  0  0  0  0  0  0  0  0
  0.728473129585   0.461384677977

   8    6    3    7 
 0321 3012 1302 0321
   1    1    0    0 
  0  0  0  0 -1  0  1  0 -1  1  0  0  0  0  0  0
  0  0  0  0  0  0  0  0  0  0  0  0  0  0  0  0
  0  0  0  0  1  0 -2  1 -6  7  0 -1  0  0  0  0
  0  0  0  0  0  0  0  0  0  0  0  0  0  0  0  0
  0.020275454077   0.620516908268

