% Triangulation
newlinks/L209052
geometric_solution  8.20902122
oriented_manifold
CS_unknown

2 0
    torus   0.000000000000  -0.000000000000
    torus   0.000000000000  -0.000000000000

9
   7    3    4    8 
 1302 1023 1302 2031
   0    1    1    1 
  0  1 -1  0  0  0  0  0  1  0  0 -1  0  0  0  0
  0  0  0  0  0  0  0  0  0  0  0  0  0  0  0  0
  0  2 -3  1  0  0  0  0  1 -1  0  0  0  0  0  0
  0  0  0  0  0  0  0  0  0  0  0  0  0  0  0  0
  0.628872869843   0.636077195841

   4    2    7    2 
 1302 0132 1302 1230
   0    1    0    1 
  0  1  0 -1  0  0  0  0  0  0  0  0  0 -1  1  0
  0  0  0  0  0  0  0  0  0  0  0  0  0  0  0  0
  0  2  0 -2  1  0  0 -1  1  0  0 -1  0  0  0  0
  0  0  0  0  0  0  0  0  0  0  0  0  0  0  0  0
  0.598208390474   0.839543156313

   1    1    6    3 
 3012 0132 1302 0132
   0    0    1    0 
  0 -1  1  0  1  0  0 -1  0  1  0 -1  0  0  0  0
  0  0  0  0  0  0  0  0  0  0  0  0  0  0  0  0
  0 -2  3 -1  2  0  0 -2  1  0  0 -1  1  0 -1  0
  0  0  0  0  0  0  0  0  0  0  0  0  0  0  0  0
  0.463818412851   0.969148098290

   0    5    2    4 
 1023 1230 0132 0132
   0    0    1    1 
  0  0  0  0 -1  0  1  0  0  0  0  0  0 -1  1  0
  0  0  0  0  0  0  0  0  0  0  0  0  0  0  0  0
  0  0  1 -1 -2  0  2  0  1  0  0 -1  0 -1  1  0
  0  0  0  0  0  0  0  0  0  0  0  0  0  0  0  0
  0.211388797868   1.003736326223

   0    1    3    5 
 2031 2031 0132 1230
   0    0    1    1 
  0  0  0  0  1  0  0 -1  0  0  0  0  0  0  0  0
  0  0  0  0  0  0  0  0  0  0  0  0  0  0  0  0
  0 -1  1  0  3  0  0 -3  0  0  0  0  0 -1  1  0
  0  0  0  0  0  0  0  0  0  0  0  0  0  0  0  0
 -0.371127130157   0.636077195841

   4    7    3    6 
 3012 0213 3012 0132
   1    0    0    1 
  0 -1  1  0  0  0  0  0  1  0  0 -1  0  0  0  0
  0  0  0  0  0  0  0  0  0  0  0  0  0  0  0  0
  0 -1  1  0  0  0  0  0  3  0  0 -3  0  0  0  0
  0  0  0  0  0  0  0  0  0  0  0  0  0  0  0  0
  0.608700863169   0.989207205232

   2    8    5    8 
 2031 0321 0132 3120
   1    0    0    0 
  0  0  0  0 -1  0  0  1  0  0  0  0  0 -1  1  0
  0  0  0  0  0  0  0  0  0  0  0  0  0  0  0  0
  0  0  0  0 -3  0  0  3  1  0  0 -1  0 -3  3  0
  0  0  0  0  0  0  0  0  0  0  0  0  0  0  0  0
  0.465444393976   0.516537933103

   1    0    5    8 
 2031 2031 0213 0132
   1    0    1    1 
  0 -1  1  0  0  0  0  0 -1  0  0  1  0  0  0  0
  0  0  0  0  0  0  0  0  0  0  0  0  0  0  0  0
  0 -1  1  0  0  0  0  0  0  0  0  0  0  0  0  0
  0  0  0  0  0  0  0  0  0  0  0  0  0  0  0  0
 -0.401791609526   0.839543156313

   6    0    7    6 
 3120 1302 0132 0321
   1    0    0    1 
  0  0  0  0 -1  0  0  1  0  0  0  0  0  1 -1  0
  0  0  0  0  0  0  0  0  0  0  0  0  0  0  0  0
  0  0  0  0 -3  0  0  3  1 -1  0  0  0  0  0  0
  0  0  0  0  0  0  0  0  0  0  0  0  0  0  0  0
  0.037243829173   1.068441448640

