% Triangulation
newlinks/L209044
geometric_solution  6.13813879
oriented_manifold
CS_unknown

2 0
    torus   0.000000000000   0.000000000000
    torus   0.000000000000   0.000000000000

7
   4    2    3    1 
 2103 0213 0132 0132
   0    1    0    0 
  0  0  0  0 -1  0  0  1  0  0  0  0  0  0  0  0
  0  0  0  0  0  0  0  0  0  0  0  0  0  0  0  0
  0  0 -1  1  2  0 -1 -1  0  0  0  0  0 -1  1  0
  0  0  0  0  0  0  0  0  0  0  0  0  0  0  0  0
  0.871467067939   0.764542756818

   4    6    0    3 
 0132 3120 0132 3120
   0    1    0    0 
  0  1  0 -1  1  0 -1  0  0  0  0  0  0  0  0  0
  0  0  0  0  0  0  0  0  0  0  0  0  0  0  0  0
  0  9 -1 -8 -1  0  1  0  0  0  0  0  0  0  0  0
  0  0  0  0  0  0  0  0  0  0  0  0  0  0  0  0
  0.351577584254   0.568864481006

   6    5    0    5 
 0213 1023 0213 2031
   0    0    0    0 
  0  0  0  0  0  0  0  0  1  0  0 -1 -1  1  0  0
  0  0  0  0  0  0  0  0  0  0  0  0  0  0  0  0
  0  0  0  0 -1  0  0  1  8  0  0 -8 -9  8  1  0
  0  0  0  0  0  0  0  0  0  0  0  0  0  0  0  0
 -0.393075688879   1.136009824757

   1    6    4    0 
 3120 0321 0132 0132
   0    1    0    0 
  0  0  0  0  0  0  0  0  0  0  0  0  1  0 -1  0
  0  0  0  0  0  0  0  0  0  0  0  0  0  0  0  0
  0  0 -1  1  0  0 -1  1  0  1  0 -1  8  0 -8  0
  0  0  0  0  0  0  0  0  0  0  0  0  0  0  0  0
  0.607354565870   0.411462103555

   1    5    0    3 
 0132 0213 2103 0132
   0    1    0    0 
  0  0  0  0 -1  0  1  0  0 -1  0  1  0  0  0  0
  0  0  0  0  0  0  0  0  0  0  0  0  0  0  0  0
  0 -1  0  1  1  0 -2  1  0 -8  0  8  0  0  0  0
  0  0  0  0  0  0  0  0  0  0  0  0  0  0  0  0
  1.213848622243   1.272019649514

   2    2    4    6 
 1023 1302 0213 0132
   0    0    0    0 
  0  0  0  0  0  0  1 -1  0  0  0  0 -1  1  0  0
  0  0  0  0  0  0  0  0  0  0  0  0  0  0  0  0
  0 -1  1  0  0  0  8 -8  0  0  0  0 -8  8  0  0
  0  0  0  0  0  0  0  0  0  0  0  0  0  0  0  0
 -0.272019649514   1.213848622243

   2    1    5    3 
 0213 3120 0132 0321
   0    0    0    0 
  0  0  0  0 -1  0  1  0  0  0  0  0  1 -1  0  0
  0  0  0  0  0  0  0  0  0  0  0  0  0  0  0  0
  0  0  0  0 -8  0  8  0  1  0  0 -1  9 -9  0  0
  0  0  0  0  0  0  0  0  0  0  0  0  0  0  0  0
  0.703155168508   1.137728962012

