% Triangulation
newlinks/L209019
geometric_solution  7.45357325
oriented_manifold
CS_unknown

2 0
    torus   0.000000000000   0.000000000000
    torus   0.000000000000   0.000000000000

8
   6    7    5    2 
 2310 3012 1230 1230
   0    1    0    1 
  0  0  0  0  0  0  0  0  1  0  0 -1  1  0 -1  0
  0  0  0  0  0  0  0  0  0  0  0  0  0  0  0  0
  0  0  1 -1  0  0 -1  1 -3  0  0  3 -9  1  8  0
  0  0  0  0  0  0  0  0  0  0  0  0  0  0  0  0
  0.742793442654   1.457132609552

   1    1    3    2 
 1302 2031 1302 0132
   0    0    0    0 
  0  0  0  0  0  0  0  0  0 -1  0  1  1  0 -1  0
  0  0  0  0  0  0  0  0  0  0  0  0  0  0  0  0
  0  0  0  0  0  0 -1  1  0  2  0 -2 -2  0  2  0
  0  0  0  0  0  0  0  0  0  0  0  0  0  0  0  0
  0.411520091730   0.906929424152

   0    3    1    6 
 3012 2103 0132 1230
   0    0    1    0 
  0  1  0 -1  0  0  0  0  0  0  0  0  1  0 -1  0
  0  0  0  0  0  0  0  0  0  0  0  0  0  0  0  0
  0 -2  0  2  1  0 -1  0 -1  1  0  0 -3  1  2  0
  0  0  0  0  0  0  0  0  0  0  0  0  0  0  0  0
  0.460189776983   0.496831553524

   1    2    4    7 
 2031 2103 0132 0132
   1    0    0    0 
  0  0 -1  1  0  0  0  0  1 -1  0  0  0  0  0  0
  0  0  0  0  0  0  0  0  0  0  0  0  0  0  0  0
  0 -1  9 -8  0  0  0  0 -2  2  0  0  1 -1  0  0
  0  0  0  0  0  0  0  0  0  0  0  0  0  0  0  0
 -0.003431090061   1.083327471110

   5    7    6    3 
 0132 0132 0213 0132
   1    0    0    1 
  0  0 -1  1  0  0  0  0  0  0  0  0  0  0  0  0
  0  0  0  0  0  0  0  0  0  0  0  0  0  0  0  0
  0  0  9 -9  0  0  0  0  0  0  0  0  0  0  0  0
  0  0  0  0  0  0  0  0  0  0  0  0  0  0  0  0
  0.499289080103   0.668344411510

   4    7    6    0 
 0132 0321 0132 3012
   1    0    1    0 
  0 -1  0  1  0  0  0  0  0  0  0  0  0  0  0  0
  0  0  0  0  0  0  0  0  0  0  0  0  0  0  0  0
  0  8  0 -8  0  0  1 -1  0 -1  0  1  0  0  0  0
  0  0  0  0  0  0  0  0  0  0  0  0  0  0  0  0
  0.723399920221   0.364642948611

   2    4    0    5 
 3012 0213 3201 0132
   1    0    0    1 
  0  1 -1  0  1  0 -1  0  0  0  0  0  0  0  0  0
  0  0  0  0  0  0  0  0  0  0  0  0  0  0  0  0
  0 -9  9  0 -2  0  3 -1  0  0  0  0  0  0  0  0
  0  0  0  0  0  0  0  0  0  0  0  0  0  0  0  0
  0.499289080103   0.668344411510

   0    4    3    5 
 1230 0132 0132 0321
   1    0    1    0 
  0  0 -1  1  0  0  0  0  0  0  0  0  0  0  0  0
  0  0  0  0  0  0  0  0  0  0  0  0  0  0  0  0
  0  0  8 -8  0  0  0  0 -1  0  0  1  0  0  0  0
  0  0  0  0  0  0  0  0  0  0  0  0  0  0  0  0
  0.742793442654   1.457132609552

