% Triangulation
newlinks/L210080
geometric_solution  5.84302286
oriented_manifold
CS_unknown

2 0
    torus   0.000000000000  -0.000000000000
    torus   0.000000000000  -0.000000000000

7
   5    1    3    1 
 1302 3012 1230 0321
   1    1    0    0 
  0  0  0  0 -1  0  0  1 -1  1  0  0  0  0  0  0
  0  0  0  0  0  0  0  0  0  0  0  0  0  0  0  0
  0 -1  0  1  2  0 -1 -1  7 -6  0 -1 -1  1  0  0
  0  0  0  0  0  0  0  0  0  0  0  0  0  0  0  0
 -0.602951066822   1.505045593666

   0    0    6    2 
 1230 0321 3012 1302
   1    0    0    1 
  0  0  0  0 -1  0  1  0  0  0  0  0  0 -1  1  0
  0  0  0  0  0  0  0  0  0  0  0  0  0  0  0  0
  0 -1  1  0  6  0 -7  1 -1  1  0  0  1  1 -2  0
  0  0  0  0  0  0  0  0  0  0  0  0  0  0  0  0
  0.331557172283   0.311306234807

   5    5    1    3 
 0321 2310 2031 0132
   0    1    0    0 
  0  0  0  0  0  0  0  0  0  0  0  0  0  0  0  0
  0  0  0  0  0  0  0  0  0  0  0  0  0  0  0  0
  0  0  0  0  0  0  0  0  1 -1  0  0  1  0 -1  0
  0  0  0  0  0  0  0  0  0  0  0  0  0  0  0  0
  0.836120489136   0.621198333776

   4    4    2    0 
 0132 2310 0132 3012
   0    1    1    0 
  0  0  0  0  0  0  0  0  0  0  0  0  0  0  0  0
  0  0  0  0  0  0  0  0  0  0  0  0  0  0  0  0
  0  0  0  0  0  0  0  0  0 -1  0  1  0  0  0  0
  0  0  0  0  0  0  0  0  0  0  0  0  0  0  0  0
  0.733934588612   0.882433124052

   3    6    6    3 
 0132 0213 1302 3201
   0    1    0    1 
  0  0  0  0  0  0  0  0  0  0  0  0  0  0  0  0
  0  0  0  0  0  0  0  0  0  0  0  0  0  0  0  0
  0  0  0  0  0  0 -1  1  0  0  0  0  0  0  0  0
  0  0  0  0  0  0  0  0  0  0  0  0  0  0  0  0
 -0.557130293486   0.669855642468

   2    0    6    2 
 0321 2031 0132 3201
   0    0    0    1 
  0  1 -1  0  0  0  0  0  0  0  0  0  0  1 -1  0
  0  0  0  0  0  0  0  0  0  0  0  0  0  0  0  0
  0 -7  7  0 -1  0  0  1 -1  1  0  0  0 -2  2  0
  0  0  0  0  0  0  0  0  0  0  0  0  0  0  0  0
  0.397048933178   1.505045593666

   4    1    4    5 
 2031 1230 0213 0132
   0    0    1    1 
  0 -1  0  1  0  0  0  0  0 -1  0  1  0  0  0  0
  0  0  0  0  0  0  0  0  0  0  0  0  0  0  0  0
  0  7  0 -7  0  0  0  0  0  2  0 -2  1 -1  0  0
  0  0  0  0  0  0  0  0  0  0  0  0  0  0  0  0
  0.442869706514   0.669855642468

