% Triangulation
newlinks/L210100
geometric_solution  9.53978046
oriented_manifold
CS_unknown

2 0
    torus   0.000000000000  -0.000000000000
    torus   0.000000000000  -0.000000000000

10
   8    6    1    9 
 1023 2031 1302 0132
   1    1    0    0 
  0  0  0  0  1  0  0 -1 -1  0  0  1  0  0  0  0
  0  0  0  0  0  0  0  0  0  0  0  0  0  0  0  0
  0  0  0  0 -7  0  1  6  6  0  0 -6 -1  0  1  0
  0  0  0  0  0  0  0  0  0  0  0  0  0  0  0  0
  0.418796525390   0.693897202308

   0    3    2    7 
 2031 3012 1302 3201
   1    1    0    1 
  0  0  0  0  0  0 -1  1  0  0  0  0  0  0  0  0
  0  0  0  0  0  0  0  0  0  0  0  0  0  0  0  0
  0  0  0  0  0  0  7 -7 -1  0  0  1 -1  1  0  0
  0  0  0  0  0  0  0  0  0  0  0  0  0  0  0  0
  1.000000000000   1.000000000000

   1    8    5    7 
 2031 2310 0213 1230
   0    1    1    1 
  0  0  0  0  0  0  0  0  0  0  0  0  1 -1  0  0
  0  0  0  0  0  0  0  0  0  0  0  0  0  0  0  0
  0  0  0  0  0  0 -1  1  0  0  0  0 -7  7  0  0
  0  0  0  0  0  0  0  0  0  0  0  0  0  0  0  0
  0.000000000000   1.000000000000

   1    5    7    4 
 1230 1023 0132 0132
   0    0    1    1 
  0  0 -1  1  0  0  0  0  0  0  0  0  0  1 -1  0
  0  0  0  0  0  0  0  0  0  0  0  0  0  0  0  0
  0  0  6 -6  0  0  0  0 -1  1  0  0  0 -6  6  0
  0  0  0  0  0  0  0  0  0  0  0  0  0  0  0  0
  0.418796525390   0.693897202308

   9    8    3    6 
 1230 2031 0132 0132
   0    0    0    1 
  0  1 -1  0  0  0  0  0  0  0  0  0  0  0  0  0
  0  0  0  0  0  0  0  0  0  0  0  0  0  0  0  0
  0 -6  6  0  0  0  0  0 -1  1  0  0  0  0  0  0
  0  0  0  0  0  0  0  0  0  0  0  0  0  0  0  0
  0.000000000000   1.000000000000

   3    2    6    7 
 1023 0213 0132 0132
   0    0    1    1 
  0  0 -1  1  0  0  0  0  0  0  0  0 -1  0  1  0
  0  0  0  0  0  0  0  0  0  0  0  0  0  0  0  0
  0  0  7 -7  0  0  0  0 -1  1  0  0  6  0 -6  0
  0  0  0  0  0  0  0  0  0  0  0  0  0  0  0  0
  0.418796525390   0.693897202308

   0    9    4    5 
 1302 3012 0132 0132
   0    0    1    0 
  0 -1  0  1  0  0  0  0  0  1  0 -1  0  0  0  0
  0  0  0  0  0  0  0  0  0  0  0  0  0  0  0  0
  0  7  0 -7  0  0  0  0  0 -6  0  6  0  0  0  0
  0  0  0  0  0  0  0  0  0  0  0  0  0  0  0  0
  0.000000000000   1.000000000000

   2    1    5    3 
 3012 2310 0132 0132
   0    0    1    1 
  0  0 -1  1  0  0  0  0  0 -1  0  1  0  0  0  0
  0  0  0  0  0  0  0  0  0  0  0  0  0  0  0  0
  0 -1  7 -6  0  0  0  0 -1  7  0 -6  0  0  0  0
  0  0  0  0  0  0  0  0  0  0  0  0  0  0  0  0
  0.709398262695   1.346948601154

   4    0    9    2 
 1302 1023 0132 3201
   1    1    0    0 
  0 -1  0  1  0  0  0  0 -1  1  0  0  0  0  0  0
  0  0  0  0  0  0  0  0  0  0  0  0  0  0  0  0
  0  7  0 -7  0  0  0  0  6 -6  0  0 -1  1  0  0
  0  0  0  0  0  0  0  0  0  0  0  0  0  0  0  0
  0.418796525390   0.693897202308

   6    4    0    8 
 1230 3012 0132 0132
   1    1    0    0 
  0  0  0  0 -1  0  1  0  0  0  0  0  1  0 -1  0
  0  0  0  0  0  0  0  0  0  0  0  0  0  0  0  0
  0  0  0  0  6  0 -6  0  0  0  0  0 -7  1  6  0
  0  0  0  0  0  0  0  0  0  0  0  0  0  0  0  0
  0.709398262695   1.346948601154

