% Triangulation
newlinks/L210095
geometric_solution  11.07964311
oriented_manifold
CS_unknown

2 0
    torus   0.000000000000  -0.000000000000
    torus   0.000000000000  -0.000000000000

12
   2    5    1   11 
 0321 2031 0132 0321
   0    0    1    1 
  0  0  0  0  0  0  0  0  0  0  0  0 -1  0  1  0
  0  0  0  0  0  0  0  0  0  0  0  0  0  0  0  0
  0  0  0  0 -1  0  1  0 -1  1  0  0  1  0 -1  0
  0  0  0  0  0  0  0  0  0  0  0  0  0  0  0  0
 -0.083613320372   1.172664867751

   2    2    4    0 
 1023 0213 1302 0132
   0    0    1    0 
  0 -1  1  0  1  0 -1  0  0  1  0 -1  0  0  0  0
  0  0  0  0  0  0  0  0  0  0  0  0  0  0  0  0
  0  8 -8  0 -8  0  9 -1  1 -2  0  1  1  0 -1  0
  0  0  0  0  0  0  0  0  0  0  0  0  0  0  0  0
  0.704026184433   1.679162875370

   0    1    1   11 
 0321 1023 0213 3120
   0    1    1    0 
  0 -1  1  0  1  0 -1  0  0  0  0  0  0  0  0  0
  0  0  0  0  0  0  0  0  0  0  0  0  0  0  0  0
  0  8 -8  0 -1  0  2 -1  1 -1  0  0  1 -1  0  0
  0  0  0  0  0  0  0  0  0  0  0  0  0  0  0  0
  0.101807577831   0.577589962809

   4    4    7    8 
 3012 0132 0132 3012
   0    0    0    0 
  0  0 -1  1 -1  0  1  0  0  1  0 -1  0  0  0  0
  0  0  0  0  0  0  0  0  0  0  0  0  0  0  0  0
  0  0  8 -8  9  0 -9  0  0 -9  0  9  1  0 -1  0
  0  0  0  0  0  0  0  0  0  0  0  0  0  0  0  0
  0.431668537767   1.094190044941

   1    3    9    3 
 2031 0132 3012 1230
   0    0    0    0 
  0  0 -1  1 -1  0  1  0  0  0  0  0  1 -1  0  0
  0  0  0  0  0  0  0  0  0  0  0  0  0  0  0  0
  0  0  9 -9  8  0 -8  0  1  0  0 -1 -9  9  0  0
  0  0  0  0  0  0  0  0  0  0  0  0  0  0  0  0
  0.688008247741   0.790834261843

   0    9    6   11 
 1302 0321 0132 0132
   0    1    0    1 
  0  0  0  0  0  0  0  0  0  0  0  0  0  0  0  0
  0  0  0  0  0  0  0  0  0  0  0  0  0  0  0  0
  0  0  0  0  0  0  0  0  0  0  0  0 -1  1  0  0
  0  0  0  0  0  0  0  0  0  0  0  0  0  0  0  0
  0.140418351766   0.823717321912

  10    7    7    5 
 0321 0132 1302 0132
   0    1    1    0 
  0  0  0  0  0  0  0  0  0  0  0  0  0  0  0  0
  0  0  0  0  0  0  0  0  0  0  0  0  0  0  0  0
  0  0  0  0  0  0  0  0  0  0  0  0 -1  1  0  0
  0  0  0  0  0  0  0  0  0  0  0  0  0  0  0  0
  0.475647752546   1.297332269462

   6    6    8    3 
 2031 0132 0132 0132
   0    0    0    1 
  0  0 -1  1  0  0  1 -1  0  0  0  0  0  0  0  0
  0  0  0  0  0  0  0  0  0  0  0  0  0  0  0  0
  0  0  8 -8  0  0 -9  9  0 -1  0  1  0  0  0  0
  0  0  0  0  0  0  0  0  0  0  0  0  0  0  0  0
  0.750880001855   0.679476378964

  10    9    3    7 
 2031 0213 1230 0132
   0    0    1    0 
  0 -1  0  1  0  0  1 -1  0  0  0  0  1  0 -1  0
  0  0  0  0  0  0  0  0  0  0  0  0  0  0  0  0
  0  8  0 -8  0  0 -9  9  1 -1  0  0 -8  0  8  0
  0  0  0  0  0  0  0  0  0  0  0  0  0  0  0  0
  1.041051456716   0.515155777036

  10    4    8    5 
 3201 1230 0213 0321
   0    1    0    0 
  0 -1  1  0  0  0  0  0  0  0  0  0 -1  1  0  0
  0  0  0  0  0  0  0  0  0  0  0  0  0  0  0  0
  0  8 -8  0  0  0  1 -1  0  0  0  0  9 -9  0  0
  0  0  0  0  0  0  0  0  0  0  0  0  0  0  0  0
  0.200947708925   0.681182577986

   6   11    8    9 
 0321 0321 1302 2310
   0    0    1    1 
  0  0  0  0  0  0 -1  1  0  0  0  0  0  0  0  0
  0  0  0  0  0  0  0  0  0  0  0  0  0  0  0  0
  0  0  0  0  1  0  8 -9  0  0  0  0  0  1 -1  0
  0  0  0  0  0  0  0  0  0  0  0  0  0  0  0  0
  0.436228491272   1.016588068621

   2    0    5   10 
 3120 0321 0132 0321
   0    1    1    0 
  0  0  0  0  0  0  0  0  0  0  0  0  0  0  0  0
  0  0  0  0  0  0  0  0  0  0  0  0  0  0  0  0
  0  0  0  0  1  0  0 -1  0  0  0  0  0  0  0  0
  0  0  0  0  0  0  0  0  0  0  0  0  0  0  0  0
  1.177165646536   0.641589019939

