% Triangulation
newlinks/L210177
geometric_solution  8.51918360
oriented_manifold
CS_unknown

2 0
    torus   0.000000000000   0.000000000000
    torus   0.000000000000   0.000000000000

10
   3    9    7    5 
 0132 3120 2310 2031
   1    1    0    0 
  0  0  0  0  1  0  0 -1  0  1  0 -1  0  0  0  0
  0  0  0  0  0  0  0  0  0  0  0  0  0  0  0  0
  0  0 -1  1  4  0  1 -5  0  5  0 -5 -1  0  1  0
  0  0  0  0  0  0  0  0  0  0  0  0  0  0  0  0
  0.640518728467   1.151180077839

   6    2    9    5 
 1302 2031 3201 2310
   1    0    0    1 
  0  0  0  0 -1  0  0  1  0  0  0  0  0  0  0  0
  0  0  0  0  0  0  0  0  0  0  0  0  0  0  0  0
  0  0  0  0 -6  0  0  6  0  0  0  0  0  0  0  0
  0  0  0  0  0  0  0  0  0  0  0  0  0  0  0  0
  0.247160892972   0.791492404587

   1    4    3    4 
 1302 0321 0132 2031
   1    1    1    0 
  0  0  0  0  0  0  0  0  0 -1  0  1  0  0  0  0
  0  0  0  0  0  0  0  0  0  0  0  0  0  0  0  0
  0  0  0  0  0  0  0  0  0 -4  0  4  0  0  0  0
  0  0  0  0  0  0  0  0  0  0  0  0  0  0  0  0
  0.637525181231   0.857467508746

   0    5    4    2 
 0132 0213 3201 0132
   1    1    0    0 
  0  1 -1  0 -1  0  1  0  0  0  0  0  0  0  0  0
  0  0  0  0  0  0  0  0  0  0  0  0  0  0  0  0
  0  5 -5  0 -4  0  4  0  1 -1  0  0  0 -1  1  0
  0  0  0  0  0  0  0  0  0  0  0  0  0  0  0  0
  0.261854014525   1.326641853313

   3    2    5    2 
 2310 1302 0132 0321
   1    0    1    1 
  0  0  0  0  0  0  0  0 -1  0  0  1  1 -1  0  0
  0  0  0  0  0  0  0  0  0  0  0  0  0  0  0  0
  0  0  0  0 -1  0  1  0 -4  0  0  4  5 -4 -1  0
  0  0  0  0  0  0  0  0  0  0  0  0  0  0  0  0
 -0.970613756892   1.070298897452

   1    0    3    4 
 3201 1302 0213 0132
   1    0    1    0 
  0  1 -1  0  0  0  0  0  0  0  0  0 -1  1  0  0
  0  0  0  0  0  0  0  0  0  0  0  0  0  0  0  0
  0  5 -5  0  0  0  1 -1  0 -1  0  1 -6  5  1  0
  0  0  0  0  0  0  0  0  0  0  0  0  0  0  0  0
 -0.359481271533   1.151180077839

   8    1    9    7 
 1230 2031 0132 0132
   0    1    1    0 
  0  0  0  0  0  0  0  0  0  0  0  0  0  1 -1  0
  0  0  0  0  0  0  0  0  0  0  0  0  0  0  0  0
  0  0  0  0  0  0  0  0  1  0  0 -1 -1  6 -5  0
  0  0  0  0  0  0  0  0  0  0  0  0  0  0  0  0
  0.320259364233   0.575590038919

   8    0    6    8 
 0321 3201 0132 0132
   0    1    1    1 
  0  0  0  0  0  0  0  0  0  0  0  0  0  0  0  0
  0  0  0  0  0  0  0  0  0  0  0  0  0  0  0  0
  0 -1  0  1  0  0  0  0  0  1  0 -1  0 -1  1  0
  0  0  0  0  0  0  0  0  0  0  0  0  0  0  0  0
  0.441594650292   0.751051814393

   7    6    7    9 
 0321 3012 0132 0132
   0    1    1    1 
  0  0  0  0  0  0  0  0  0  0  0  0  0  0  0  0
  0  0  0  0  0  0  0  0  0  0  0  0  0  0  0  0
  0  1 -1  0  0  0  0  0  0  0  0  0  0 -1  1  0
  0  0  0  0  0  0  0  0  0  0  0  0  0  0  0  0
 -0.970613756892   1.070298897452

   1    0    8    6 
 2310 3120 0132 0132
   0    1    0    1 
  0  0  0  0  0  0  0  0  0 -1  0  1  0  0  0  0
  0  0  0  0  0  0  0  0  0  0  0  0  0  0  0  0
  0  0  0  0  0  0  0  0  0 -5  0  5  0  0  0  0
  0  0  0  0  0  0  0  0  0  0  0  0  0  0  0  0
 -0.359481271533   1.151180077839

