% Triangulation
newlinks/L210168
geometric_solution  10.46230773
oriented_manifold
CS_unknown

2 0
    torus   0.000000000000   0.000000000000
    torus   0.000000000000   0.000000000000

12
  10    2    4    7 
 3120 0213 1023 3120
   1    1    1    1 
  0  0  0  0  0  0  1 -1  0  0  0  0 -1  1  0  0
  0  0  0  0  0  0  0  0  0  0  0  0  0  0  0  0
  0  0 -1  1  0  0  3 -3  0  0  0  0 -4  3  1  0
  0  0  0  0  0  0  0  0  0  0  0  0  0  0  0  0
  0.637618916786   1.609676413283

   3    2    7    3 
 2310 0321 3012 0213
   1    1    0    1 
  0  0 -1  1  0  0  0  0  0  0  0  0 -1  0  1  0
  0  0  0  0  0  0  0  0  0  0  0  0  0  0  0  0
  0  0 -4  4  0  0  0  0  0 -1  0  1 -4  0  4  0
  0  0  0  0  0  0  0  0  0  0  0  0  0  0  0  0
  0.672446774693   0.629647042512

  10   10    0    1 
 0132 1230 0213 0321
   1    1    0    1 
  0  0  0  0  0  0  0  0  0  0  0  0  1  0 -1  0
  0  0  0  0  0  0  0  0  0  0  0  0  0  0  0  0
  0  0  0  0  0  0  0  0  0 -1  0  1  3  0 -3  0
  0  0  0  0  0  0  0  0  0  0  0  0  0  0  0  0
 -0.159269650171   1.333224111673

   9    8    1    1 
 2103 1023 3201 0213
   1    0    1    1 
  0  0  1 -1  0  0  0  0  0  0  0  0  0  0  0  0
  0  0  0  0  0  0  0  0  0  0  0  0  0  0  0  0
  0  0  4 -4  1  0  0 -1  0  0  0  0  0  0  0  0
  0  0  0  0  0  0  0  0  0  0  0  0  0  0  0  0
  0.207618395526   0.741948288808

  11    9    0    8 
 1023 0132 1023 2031
   1    1    1    1 
  0  0 -1  1  0  0  0  0  0  0  0  0  0  0  0  0
  0  0  0  0  0  0  0  0  0  0  0  0  0  0  0  0
  0  0 -3  3  0  0  1 -1  0  0  0  0  0  1 -1  0
  0  0  0  0  0  0  0  0  0  0  0  0  0  0  0  0
  0.637618916786   1.609676413283

  10    6    7    6 
 1230 2031 0132 0132
   1    1    0    1 
  0  0  0  0 -1  0  1  0  0  0  0  0  1  0 -1  0
  0  0  0  0  0  0  0  0  0  0  0  0  0  0  0  0
  0  0  0  0 -3  0  3  0  1 -1  0  0  4  0 -4  0
  0  0  0  0  0  0  0  0  0  0  0  0  0  0  0  0
  0.229869053004   0.583316282270

   5   11    5    8 
 1302 2031 0132 0132
   1    1    1    0 
  0  0  0  0  0  0  0  0  0  0  0  0  0  0  0  0
  0  0  0  0  0  0  0  0  0  0  0  0  0  0  0  0
  0 -1  0  1  0  0  0  0  0  0  0  0  1 -1  0  0
  0  0  0  0  0  0  0  0  0  0  0  0  0  0  0  0
  0.229869053004   0.583316282270

   0    1    8    5 
 3120 1230 0132 0132
   1    1    1    1 
  0  0  0  0  1  0  0 -1  0 -1  0  1  0  1 -1  0
  0  0  0  0  0  0  0  0  0  0  0  0  0  0  0  0
  0  0  0  0  3  0  0 -3  0 -4  0  4 -1  4 -3  0
  0  0  0  0  0  0  0  0  0  0  0  0  0  0  0  0
 -0.584763208949   1.483896577616

   3    4    6    7 
 1023 1302 0132 0132
   1    1    1    1 
  0  0  0  0  0  0  0  0  0 -1  0  1  0  0  0  0
  0  0  0  0  0  0  0  0  0  0  0  0  0  0  0  0
  0  1 -1  0  0  0  0  0  0 -3  0  3  0  0  0  0
  0  0  0  0  0  0  0  0  0  0  0  0  0  0  0  0
 -0.584763208949   1.483896577616

  11    4    3   11 
 3120 0132 2103 0132
   1    0    1    1 
  0  0  0  0 -1  0  0  1  0  0  0  0  0  0  0  0
  0  0  0  0  0  0  0  0  0  0  0  0  0  0  0  0
  0  0  0  0 -3  0 -1  4  1 -1  0  0  0  0  0  0
  0  0  0  0  0  0  0  0  0  0  0  0  0  0  0  0
  0.371395008179   0.427124767552

   2    5    2    0 
 0132 3012 3012 3120
   1    1    1    0 
  0 -1  0  1  0  0  0  0 -1  1  0  0  0  0  0  0
  0  0  0  0  0  0  0  0  0  0  0  0  0  0  0  0
  0 -4  0  4  0  0  0  0 -3  3  0  0  0 -1  1  0
  0  0  0  0  0  0  0  0  0  0  0  0  0  0  0  0
  1.088343097828   0.739507796987

   6    4    9    9 
 1302 1023 0132 3120
   1    0    1    1 
  0  0  0  0  0  0 -1  1  0  0  0  0  0  0  0  0
  0  0  0  0  0  0  0  0  0  0  0  0  0  0  0  0
  0  0  0  0  1  0 -4  3  1  0  0 -1  0  0  0  0
  0  0  0  0  0  0  0  0  0  0  0  0  0  0  0  0
 -0.159269650171   1.333224111673

