% Triangulation
newlinks/L210135
degenerate_solution  3.66386238
oriented_manifold
CS_unknown

2 0
    torus   0.000000000000   0.000000000000
    torus   0.000000000000   0.000000000000

8
   3    2    3    1 
 2310 0132 1302 0132
   0    1    0    0 
  0  0  0  0  0  0 -1  1  0  0  0  0  1  0 -1  0
  0  0  0  0  0  0  0  0  0  0  0  0  0  0  0  0
  0  0  0  0  0  0  2 -2  0  0  0  0 -3  1  2  0
  0  0  0  0  0  0  0  0  0  0  0  0  0  0  0  0
  1.750000000000   0.250000000000

   4    4    0    4 
 1302 0321 0132 2310
   0    1    0    0 
  0  0  0  0  0  0 -1  1  0  0  0  0  0  0  0  0
  0  0  0  0  0  0  0  0  0  0  0  0  0  0  0  0
  0  0  0  0  1  0  2 -3  0  0  0  0  0  0  0  0
  0  0  0  0  0  0  0  0  0  0  0  0  0  0  0  0
-1794620640559701.750000000000 1553038433050511.000000000000

   7    0    3    5 
 2103 0132 0132 1302
   0    0    0    0 
  0  0 -1  1  0  0  0  0  0  0  0  0 -1  0  1  0
  0  0  0  0  0  0  0  0  0  0  0  0  0  0  0  0
  0  0  3 -3  0  0  0  0  1 -1  0  0  2  0 -2  0
  0  0  0  0  0  0  0  0  0  0  0  0  0  0  0  0
  1.280000000000   0.960000000000

   0    4    0    2 
 2031 0213 3201 0132
   0    0    0    1 
  0  0 -1  1  0  0  0  0  1  0  0 -1  1 -1  0  0
  0  0  0  0  0  0  0  0  0  0  0  0  0  0  0  0
  0  0  3 -3  0  0  0  0 -2  0  0  2 -2  2  0  0
  0  0  0  0  0  0  0  0  0  0  0  0  0  0  0  0
  1.750000000000   0.250000000000

   1    1    3    1 
 3201 2031 0213 0321
   0    0    0    1 
  0  0  0  0  0  0  0  0  0  0  0  0 -1  0  1  0
  0  0  0  0  0  0  0  0  0  0  0  0  0  0  0  0
  0  0  0  0  0  0  0  0  0  0  0  0  3 -1 -2  0
  0  0  0  0  0  0  0  0  0  0  0  0  0  0  0  0
  1.000000000000   0.000000000000

   6    6    2    7 
 3201 2103 2031 3120
   0    0    0    0 
  0  0  0  0  0  0 -1  1  0  0  0  0  0  0  0  0
  0  0  0  0  0  0  0  0  0  0  0  0  0  0  0  0
  0  0  0  0  0  0  3 -3 -1  0  0  1  1 -1  0  0
  0  0  0  0  0  0  0  0  0  0  0  0  0  0  0  0
  1.000000000000   2.000000000000

   7    5    7    5 
 1302 2103 0132 2310
   0    0    0    0 
  0  0  0  0  1  0 -1  0  0  0  0  0  0  0  0  0
  0  0  0  0  0  0  0  0  0  0  0  0  0  0  0  0
  0  0 -1  1 -2  0  3 -1  0  0  0  0  0  1 -1  0
  0  0  0  0  0  0  0  0  0  0  0  0  0  0  0  0
  0.800000000000   0.400000000000

   5    6    2    6 
 3120 2031 2103 0132
   0    0    0    0 
  0  0  0  0 -1  0  0  1  0  0  0  0  0 -1  1  0
  0  0  0  0  0  0  0  0  0  0  0  0  0  0  0  0
  0  0 -1  1  3  0  0 -3 -1  0  0  1  0  2 -2  0
  0  0  0  0  0  0  0  0  0  0  0  0  0  0  0  0
  0.800000000000   0.400000000000

