% Triangulation
newlinks/L210108
geometric_solution  8.92931782
oriented_manifold
CS_unknown

2 0
    torus   0.000000000000  -0.000000000000
    torus   0.000000000000  -0.000000000000

9
   1    8    7    3 
 3012 2103 2103 3120
   0    0    1    0 
  0  0 -1  1  0  0  0  0  0  1  0 -1  0 -1  1  0
  0  0  0  0  0  0  0  0  0  0  0  0  0  0  0  0
  0  0  6 -6  0  0  0  0  0  1  0 -1  1  6 -7  0
  0  0  0  0  0  0  0  0  0  0  0  0  0  0  0  0
  0.560486031880   0.693348876265

   5    7    2    0 
 2103 2103 0132 1230
   0    1    0    0 
  0  0  0  0  0  0  0  0  0  0  0  0  1 -1  0  0
  0  0  0  0  0  0  0  0  0  0  0  0  0  0  0  0
  0  0  0  0  0  0  0  0  1  0  0 -1 -7  7  0  0
  0  0  0  0  0  0  0  0  0  0  0  0  0  0  0  0
  0.560486031880   0.693348876265

   3    8    6    1 
 1230 2031 2103 0132
   0    1    0    0 
  0 -1  1  0  0  0  0  0 -1  1  0  0  0  0  0  0
  0  0  0  0  0  0  0  0  0  0  0  0  0  0  0  0
  0  7 -7  0  0  0  0  0  6 -6  0  0 -1  0  1  0
  0  0  0  0  0  0  0  0  0  0  0  0  0  0  0  0
  0.652189615220   1.028852254137

   0    2    5    4 
 3120 3012 0213 0132
   0    0    1    0 
  0  0  0  0  0  0  0  0  1  0  0 -1 -1  1  0  0
  0  0  0  0  0  0  0  0  0  0  0  0  0  0  0  0
  0  1 -1  0  0  0  0  0  1  0  0 -1  6 -6  0  0
  0  0  0  0  0  0  0  0  0  0  0  0  0  0  0  0
  0.294877256151   0.872271625461

   6    8    3    7 
 3201 1230 0132 0132
   0    0    0    1 
  0  0  0  0  0  0  0  0  0  0  0  0 -1  0  1  0
  0  0  0  0  0  0  0  0  0  0  0  0  0  0  0  0
  0  0  0  0  1  0  0 -1  0  0  0  0  0 -1  1  0
  0  0  0  0  0  0  0  0  0  0  0  0  0  0  0  0
  0.294877256151   0.872271625461

   8    3    1    6 
 3012 0213 2103 0132
   0    1    0    0 
  0  0  0  0 -1  0  0  1  0  0  0  0  1  0 -1  0
  0  0  0  0  0  0  0  0  0  0  0  0  0  0  0  0
  0  1 -1  0  0  0  0  0  0  0  0  0 -7  0  7  0
  0  0  0  0  0  0  0  0  0  0  0  0  0  0  0  0
  0.652189615220   1.028852254137

   2    7    5    4 
 2103 0321 0132 2310
   0    1    0    0 
  0  0  0  0  0  0 -1  1 -1  1  0  0  0  0  0  0
  0  0  0  0  0  0  0  0  0  0  0  0  0  0  0  0
  0  0  0  0  0  0  0  0  7 -6  0 -1 -1  1  0  0
  0  0  0  0  0  0  0  0  0  0  0  0  0  0  0  0
  0.560486031880   0.693348876265

   0    1    4    6 
 2103 2103 0132 0321
   0    0    0    0 
  0  0  0  0  0  0  0  0  1  0  0 -1 -1  1  0  0
  0  0  0  0  0  0  0  0  0  0  0  0  0  0  0  0
  0  0  0  0  0  0  1 -1 -6  0  0  6  7 -7  0  0
  0  0  0  0  0  0  0  0  0  0  0  0  0  0  0  0
  0.366814333359   1.342013511487

   2    0    4    5 
 1302 2103 3012 1230
   1    0    0    0 
  0 -1  0  1  0  0  0  0  1  0  0 -1 -1  1  0  0
  0  0  0  0  0  0  0  0  0  0  0  0  0  0  0  0
  0 -1  1  0  0  0  0  0 -7  0  0  7  6 -6  0  0
  0  0  0  0  0  0  0  0  0  0  0  0  0  0  0  0
  0.294877256151   0.872271625461

