% Triangulation
newlinks/L210179
geometric_solution  8.50178252
oriented_manifold
CS_unknown

2 0
    torus   0.000000000000  -0.000000000000
    torus   0.000000000000  -0.000000000000

10
   2    6    1    6 
 1023 0321 0132 3120
   0    0    1    0 
  0  0  0  0  0  0  0  0  0  0  0  0 -1  0  1  0
  0  0  0  0  0  0  0  0  0  0  0  0  0  0  0  0
  0  0  0  0  0  0  0  0  1  0  0 -1  3  0 -3  0
  0  0  0  0  0  0  0  0  0  0  0  0  0  0  0  0
  1.161901270104   1.915356684289

   1    5    1    0 
 2310 3012 3201 0132
   0    0    0    0 
  0  1 -1  0  1  0 -1  0  1  0  0 -1  1  0 -1  0
  0  0  0  0  0  0  0  0  0  0  0  0  0  0  0  0
  0 -2  2  0 -2  0  2  0 -2 -1  0  3 -2  0  2  0
  0  0  0  0  0  0  0  0  0  0  0  0  0  0  0  0
  0.094119503732   0.523786762184

   3    0    7    3 
 1230 1023 3201 0132
   0    0    1    0 
  0  0  0  0  0  0  0  0  0  0  0  0  0  1 -1  0
  0  0  0  0  0  0  0  0  0  0  0  0  0  0  0  0
  0  0  0  0  0  0  0  0  1 -1  0  0  0 -3  3  0
  0  0  0  0  0  0  0  0  0  0  0  0  0  0  0  0
  0.164562907659   1.274576600309

   9    2    2    4 
 0213 3012 0132 0132
   0    0    0    1 
  0  0  0  0  0  0  0  0  0  0  0  0  0  0  0  0
  0  0  0  0  0  0  0  0  0  0  0  0  0  0  0  0
  0  0  0  0  0  0  0  0  0  0  0  0  1 -1  0  0
  0  0  0  0  0  0  0  0  0  0  0  0  0  0  0  0
  0.164562907659   1.274576600309

   5    9    3    7 
 2031 0321 0132 3201
   0    0    0    0 
  0  0  0  0  0  0  0  0 -1  0  0  1  0  0  0  0
  0  0  0  0  0  0  0  0  0  0  0  0  0  0  0  0
  0  0  0  0  0  0  0  0  2  1  0 -3  1 -1  0  0
  0  0  0  0  0  0  0  0  0  0  0  0  0  0  0  0
  0.385215279324   0.416920068642

   1    7    4    6 
 1230 0213 1302 0132
   0    0    0    0 
  0  0  0  0  0  0  0  0  0  0  0  0 -1  0  1  0
  0  0  0  0  0  0  0  0  0  0  0  0  0  0  0  0
  0  0  0  0  1  0 -1  0  0  0  0  0  2  0 -2  0
  0  0  0  0  0  0  0  0  0  0  0  0  0  0  0  0
  0.691276820884   0.528850076311

   0    8    5    0 
 3120 0321 0132 0321
   0    0    1    0 
  0  0  0  0  0  0  0  0  0  0  0  0  0  0  0  0
  0  0  0  0  0  0  0  0  0  0  0  0  0  0  0  0
  0  0  0  0  0  0  0  0  1 -1  0  0  0  0  0  0
  0  0  0  0  0  0  0  0  0  0  0  0  0  0  0  0
  0.768481263754   0.381651152655

   2    4    5    8 
 2310 2310 0213 0132
   0    0    0    0 
  0 -1  0  1  1  0  0 -1  0  0  0  0  0  0  0  0
  0  0  0  0  0  0  0  0  0  0  0  0  0  0  0  0
  0  3  0 -3 -3  0  0  3  0  0  0  0  0  0  0  0
  0  0  0  0  0  0  0  0  0  0  0  0  0  0  0  0
 -0.899094441642   0.573884218485

   9    9    7    6 
 2031 0132 0132 0321
   0    0    1    0 
  0  1 -1  0 -1  0  1  0  1 -1  0  0  0  0  0  0
  0  0  0  0  0  0  0  0  0  0  0  0  0  0  0  0
  0 -3  3  0  3  0 -3  0 -4  3  0  1  1 -1  0  0
  0  0  0  0  0  0  0  0  0  0  0  0  0  0  0  0
  0.584905589086   0.935787781101

   3    8    8    4 
 0213 0132 1302 0321
   0    0    0    1 
  0 -1  1  0  0  0  0  0  0  0  0  0  0  1 -1  0
  0  0  0  0  0  0  0  0  0  0  0  0  0  0  0  0
  0  3 -3  0  0  0 -1  1  0  1  0 -1 -1 -3  4  0
  0  0  0  0  0  0  0  0  0  0  0  0  0  0  0  0
  0.396081643905   0.892925447654

