% Triangulation
newlinks/L210083
geometric_solution  11.36375264
oriented_manifold
CS_unknown

2 0
    torus   0.000000000000  -0.000000000000
    torus   0.000000000000  -0.000000000000

13
  12    5   10    6 
 1230 2310 1302 2310
   1    1    0    0 
  0  1 -1  0  0  0  0  0  1  0  0 -1  0 -1  1  0
  0  0  0  0  0  0  0  0  0  0  0  0  0  0  0  0
  0 -1  1  0 -1  0  0  1 -8 -1  0  9  0  9 -9  0
  0  0  0  0  0  0  0  0  0  0  0  0  0  0  0  0
  0.105672160388   0.717454633888

   6   11   10    2 
 2031 2031 3012 0132
   1    0    1    0 
  0  0  0  0  0  0  0  0  1  0  0 -1  1  0 -1  0
  0  0  0  0  0  0  0  0  0  0  0  0  0  0  0  0
  0  0  0  0  0  0 -1  1 -2  0  0  2 -9  0  9  0
  0  0  0  0  0  0  0  0  0  0  0  0  0  0  0  0
 -0.243761312531   0.736777799860

   3    8    1    9 
 0132 1023 0132 2031
   1    0    1    1 
  0  0  0  0  0  0  0  0  1  0  0 -1  0 -1  1  0
  0  0  0  0  0  0  0  0  0  0  0  0  0  0  0  0
  0  0  0  0  1  0 -1  0 -1  0  0  1  0  2 -2  0
  0  0  0  0  0  0  0  0  0  0  0  0  0  0  0  0
  0.226154433031   1.714167593653

   2    8    4    4 
 0132 0213 2103 0132
   0    0    1    1 
  0  1 -1  0  0  0  0  0  0  0  0  0 -1  0  1  0
  0  0  0  0  0  0  0  0  0  0  0  0  0  0  0  0
  0 -9  8  1 -1  0  1  0  0  0  0  0  1  0 -1  0
  0  0  0  0  0  0  0  0  0  0  0  0  0  0  0  0
  0.935086068707   0.747380257731

   3   10    3   12 
 2103 0321 0132 0132
   0    0    0    1 
  0  0  0  0  0  0  0  0  1  0  0 -1 -1  1  0  0
  0  0  0  0  0  0  0  0  0  0  0  0  0  0  0  0
  0  1 -1  0 -1  0  0  1 -8  0  0  8  1 -1  0  0
  0  0  0  0  0  0  0  0  0  0  0  0  0  0  0  0
  0.347445862465   0.521562769263

  11    8    6    0 
 1023 0132 0132 3201
   0    0    1    1 
  0  0 -1  1  0  0  0  0  0  1  0 -1  0  0  0  0
  0  0  0  0  0  0  0  0  0  0  0  0  0  0  0  0
  0  0  9 -9 -1  0  0  1  1 -2  0  1  0  0  0  0
  0  0  0  0  0  0  0  0  0  0  0  0  0  0  0  0
  0.493251561621   0.672659166558

   0    9    1    5 
 3201 0213 1302 0132
   0    0    1    1 
  0 -1  0  1  1  0 -1  0  0  0  0  0  0  1 -1  0
  0  0  0  0  0  0  0  0  0  0  0  0  0  0  0  0
  0  9  0 -9 -9  0  9  0  0  0  0  0 -1 -1  2  0
  0  0  0  0  0  0  0  0  0  0  0  0  0  0  0  0
  1.135489046468   3.687630972590

   9    9    8   10 
 0132 0321 0132 0132
   0    1    1    1 
  0  1 -1  0  0  0  0  0  0  0  0  0  0  0  0  0
  0  0  0  0  0  0  0  0  0  0  0  0  0  0  0  0
  0 -9  9  0  0  0  0  0  0  0  0  0  0  0  0  0
  0  0  0  0  0  0  0  0  0  0  0  0  0  0  0  0
  0.416323600599   0.614384379707

   2    5    3    7 
 1023 0132 0213 0132
   0    1    1    1 
  0  0 -1  1  0  0  0  0  0  0  0  0  1 -1  0  0
  0  0  0  0  0  0  0  0  0  0  0  0  0  0  0  0
  0  0  9 -9  0  0  0  0  0  0  0  0 -2  2  0  0
  0  0  0  0  0  0  0  0  0  0  0  0  0  0  0  0
  0.500718947632   0.479633058301

   7    2    6    7 
 0132 1302 0213 0321
   0    1    1    1 
  0  0  1 -1  0  0  0  0  0  0  0  0  0  1 -1  0
  0  0  0  0  0  0  0  0  0  0  0  0  0  0  0  0
  0  0 -9  9  0  0  0  0  0  0  0  0  0 -1  1  0
  0  0  0  0  0  0  0  0  0  0  0  0  0  0  0  0
  0.642476136687   2.120840008982

   0    1    7    4 
 2031 1230 0132 0321
   0    1    0    1 
  0  0  0  0  1  0  0 -1 -1  1  0  0  0  0  0  0
  0  0  0  0  0  0  0  0  0  0  0  0  0  0  0  0
  0  1  0 -1 -1  0  0  1  9 -9  0  0  0  0  0  0
  0  0  0  0  0  0  0  0  0  0  0  0  0  0  0  0
 -0.005397350829   1.093654200853

   1    5   12   12 
 1302 1023 1302 1023
   0    0    1    1 
  0  0  0  0  0  0  0  0  0  0  0  0  0  0  0  0
  0  0  0  0  0  0  0  0  0  0  0  0  0  0  0  0
  0  1  0 -1  0  0  0  0  0 -1  0  1  0  0  0  0
  0  0  0  0  0  0  0  0  0  0  0  0  0  0  0  0
  0.629151613499   0.441552581134

  11    0    4   11 
 2031 3012 0132 1023
   0    0    1    0 
  0  0  0  0  0  0  0  0  0  0  0  0  0 -1  1  0
  0  0  0  0  0  0  0  0  0  0  0  0  0  0  0  0
  0  0  0  0  0  0 -1  1  0  1  0 -1  0  8 -8  0
  0  0  0  0  0  0  0  0  0  0  0  0  0  0  0  0
  1.115342859847   1.327988840024

