% Triangulation
newlinks/L210094
geometric_solution  3.66386238
oriented_manifold
CS_unknown

2 0
    torus   0.000000000000  -0.000000000000
    torus   0.000000000000  -0.000000000000

4
   3    3    1    2 
 2031 0321 0132 1023
   0    0    0    1 
  0  0  0  0  1  0 -1  0  0  0  0  0  2  0 -2  0
  0  0  0  0  0  0  0  0  0  0  0  0  0  0  0  0
  0  0 -1  1 -2  0  2  0 -1  1  0  0 -1  0  1  0
  0  0  0  0  0  0  0  0  0  0  0  0  0  0  0  0
  0.500000000000   0.500000000000

   2    2    3    0 
 2031 0132 0213 0132
   0    0    1    0 
  0  1 -1  0 -1  0  0  1 -5  3  0  2  0  0  0  0
  0  0  0  0  0  0  0  0  0  0  0  0  0  0  0  0
  0 -3  2  1  3  0 -1 -2  2 -1  0 -1  0  0  0  0
  0  0  0  0  0  0  0  0  0  0  0  0  0  0  0  0
  0.500000000000   0.500000000000

   3    1    1    0 
 0321 0132 1302 1023
   0    0    0    1 
  0 -1  1  0  0  0  0  0  0  0  0  0 -2 -3  5  0
  0  0  0  0  0  0  0  0  0  0  0  0  0  0  0  0
  0  3 -3  0  1  0  0 -1  0  0  0  0  1  1 -2  0
  0  0  0  0  0  0  0  0  0  0  0  0  0  0  0  0
  1.000000000000   1.000000000000

   2    1    0    0 
 0321 0213 1302 0321
   0    1    0    0 
  0  1 -1  0  2  0 -2  0  0  0  0  0  0  0  0  0
  0  0  0  0  0  0  0  0  0  0  0  0  0  0  0  0
  0 -2  2  0 -1  0  1  0  0  1  0 -1 -1  0  1  0
  0  0  0  0  0  0  0  0  0  0  0  0  0  0  0  0
  0.500000000000   0.500000000000

