% Triangulation
newlinks/L210123
geometric_solution  11.11129174
oriented_manifold
CS_unknown

2 0
    torus   0.000000000000  -0.000000000000
    torus   0.000000000000  -0.000000000000

12
   5    1    4    6 
 1302 2103 0213 1230
   0    1    0    1 
  0  0  1 -1 -1  0  1  0 -1  1  0  0 -1  0  1  0
  0  0  0  0  0  0  0  0  0  0  0  0  0  0  0  0
  0  0 -3  3  5  0 -5  0  3 -2  0 -1  6 -1 -5  0
  0  0  0  0  0  0  0  0  0  0  0  0  0  0  0  0
  0.687094616541   0.748004188403

   9    0    8   10 
 0213 2103 1302 0321
   0    1    0    1 
  0 -1  1  0 -1  0  1  0  0  0  0  0  0  0  0  0
  0  0  0  0  0  0  0  0  0  0  0  0  0  0  0  0
  0  2 -2  0  6  0 -6  0  0  0  0  0  0  1 -1  0
  0  0  0  0  0  0  0  0  0  0  0  0  0  0  0  0
  1.113541706811   1.330329111538

  10    3    3    6 
 0213 3012 0132 2031
   1    0    0    1 
  0  1  0 -1  0  0  0  0  0  0  0  0  0  0  0  0
  0  0  0  0  0  0  0  0  0  0  0  0  0  0  0  0
  0 -6  0  6  0  0  0  0 -1  0  0  1 -1  1  0  0
  0  0  0  0  0  0  0  0  0  0  0  0  0  0  0  0
  0.044890703050   1.237140332853

   2    5   11    2 
 1230 3012 3012 0132
   1    0    1    1 
  0  0  0  0  0  0  0  0  0  0  0  0 -1  1  0  0
  0  0  0  0  0  0  0  0  0  0  0  0  0  0  0  0
  0  0  0  0  0  0  0  0 -1  1  0  0  6 -6  0  0
  0  0  0  0  0  0  0  0  0  0  0  0  0  0  0  0
  0.044890703050   1.237140332853

  11    0    5    9 
 0132 0213 0132 0321
   0    1    1    1 
  0 -1  1  0  0  0  0  0  0 -1  0  1  1 -1  0  0
  0  0  0  0  0  0  0  0  0  0  0  0  0  0  0  0
  0  3 -3  0  0  0  0  0  0  5  0 -5 -5  5  0  0
  0  0  0  0  0  0  0  0  0  0  0  0  0  0  0  0
 -0.169873286346   1.009521926420

   3    0   11    4 
 1230 2031 0132 0132
   0    1    1    1 
  0  1  0 -1  0  0  0  0 -1  1  0  0  0  1 -1  0
  0  0  0  0  0  0  0  0  0  0  0  0  0  0  0  0
  0 -3  0  3 -1  0  1  0  6 -6  0  0  0 -5  5  0
  0  0  0  0  0  0  0  0  0  0  0  0  0  0  0  0
 -0.084172069344   0.567831997866

   0    2    7    8 
 3012 1302 0132 0132
   0    0    1    0 
  0  0  0  0  1  0  0 -1  0  1  0 -1  0  0  0  0
  0  0  0  0  0  0  0  0  0  0  0  0  0  0  0  0
  0  0  0  0 -3  0  0  3  0 -6  0  6  1 -1  0  0
  0  0  0  0  0  0  0  0  0  0  0  0  0  0  0  0
  0.504198731340   1.296723664757

   7    7   10    6 
 1302 2031 0132 0132
   0    0    0    0 
  0  0  0  0  0  0  0  0  0  0  0  0  0  0  0  0
  0  0  0  0  0  0  0  0  0  0  0  0  0  0  0  0
  0  0  0  0  0  0  0  0  0  0  0  0  0  0  0  0
  0  0  0  0  0  0  0  0  0  0  0  0  0  0  0  0
  0.290520813316   1.218367263075

   1   11    6    9 
 2031 0213 0132 0132
   0    0    1    1 
  0  0  0  0 -1  0  1  0  0  0  0  0 -1  0  1  0
  0  0  0  0  0  0  0  0  0  0  0  0  0  0  0  0
  0  0  0  0  2  0 -3  1  1 -1  0  0  6  0 -6  0
  0  0  0  0  0  0  0  0  0  0  0  0  0  0  0  0
  0.477240163537   0.912061603111

   1    4    8   10 
 0213 0321 0132 0132
   0    0    1    1 
  0  0  0  0  0  0  0  0  1 -1  0  0  0  0  0  0
  0  0  0  0  0  0  0  0  0  0  0  0  0  0  0  0
  0  0  0  0  0  0 -1  1 -6  5  0  1  0  0  0  0
  0  0  0  0  0  0  0  0  0  0  0  0  0  0  0  0
 -0.082675139169   0.828892569500

   2    1    9    7 
 0213 0321 0132 0132
   0    0    0    1 
  0  0  0  0  0  0  0  0  0  0  0  0  0  0  0  0
  0  0  0  0  0  0  0  0  0  0  0  0  0  0  0  0
  0  0  0  0  1  0 -1  0  0  0  0  0  1  0 -1  0
  0  0  0  0  0  0  0  0  0  0  0  0  0  0  0  0
  0.368549135540   0.558598493401

   4    3    8    5 
 0132 1230 0213 0132
   0    1    1    1 
  0  0  0  0  0  0  0  0 -1  0  0  1  0  0  0  0
  0  0  0  0  0  0  0  0  0  0  0  0  0  0  0  0
  0  0  0  0  0  0  1 -1  5  0  0 -5  0  0  0  0
  0  0  0  0  0  0  0  0  0  0  0  0  0  0  0  0
  0.627317321499   0.894894277483

