% Triangulation
newlinks/L210068
geometric_solution  6.75519482
oriented_manifold
CS_unknown

2 0
    torus   0.000000000000   0.000000000000
    torus   0.000000000000   0.000000000000

7
   6    2    4    1 
 0132 2031 0132 0132
   1    1    0    1 
  0  0  0  0  0  0  0  0 -1  0  0  1 -1  0  1  0
  0  0  0  0  0  0  0  0  0  0  0  0  0  0  0  0
  0 -1  1  0  0  0  0  0  3  1  0 -4  4  0 -4  0
  0  0  0  0  0  0  0  0  0  0  0  0  0  0  0  0
  0.417875451005   1.318455571586

   6    3    0    3 
 1023 3012 0132 0132
   1    1    1    0 
  0 -1  0  1  0  0  0  0  0  0  0  0  1  0 -1  0
  0  0  0  0  0  0  0  0  0  0  0  0  0  0  0  0
  0  4  0 -4  0  0  0  0  0  0  0  0 -4  0  4  0
  0  0  0  0  0  0  0  0  0  0  0  0  0  0  0  0
  0.167502351302   0.731806446843

   0    5    3    4 
 1302 0132 0132 0132
   1    1    1    0 
  0  0  0  0  0  0  0  0  0  0  0  0  0  0  0  0
  0  0  0  0  0  0  0  0  0  0  0  0  0  0  0  0
  0  1  0 -1  0  0  0  0  1 -1  0  0 -1  1  0  0
  0  0  0  0  0  0  0  0  0  0  0  0  0  0  0  0
  0.417875451005   1.318455571586

   1    5    1    2 
 1230 1023 0132 0132
   1    1    0    1 
  0  1 -1  0  0  0  0  0  0  0  0  0  1 -1  0  0
  0  0  0  0  0  0  0  0  0  0  0  0  0  0  0  0
  0 -4  4  0  0  0  0  0  0  0  0  0 -4  4  0  0
  0  0  0  0  0  0  0  0  0  0  0  0  0  0  0  0
  0.167502351302   0.731806446843

   5    6    2    0 
 2031 1302 0132 0132
   1    1    1    1 
  0  0  0  0  0  0  0  0  1  0  0 -1 -1  1  0  0
  0  0  0  0  0  0  0  0  0  0  0  0  0  0  0  0
  0  0  1 -1  0  0  0  0 -3 -1  0  4  4 -4  0  0
  0  0  0  0  0  0  0  0  0  0  0  0  0  0  0  0
  0.450300355951   0.810890130928

   3    2    4    6 
 1023 0132 1302 0132
   1    1    0    1 
  0  0  0  0 -1  0  1  0  0  0  0  0  1  0 -1  0
  0  0  0  0  0  0  0  0  0  0  0  0  0  0  0  0
  0 -1  0  1  4  0 -4  0  0 -1  0  1 -4  1  3  0
  0  0  0  0  0  0  0  0  0  0  0  0  0  0  0  0
  0.119046853263   0.932552092367

   0    1    5    4 
 0132 1023 0132 2031
   1    1    1    0 
  0  0  0  0  0  0  0  0  1  0  0 -1  1 -1  0  0
  0  0  0  0  0  0  0  0  0  0  0  0  0  0  0  0
  0  0 -1  1  0  0  0  0 -4  0  0  4 -3  4 -1  0
  0  0  0  0  0  0  0  0  0  0  0  0  0  0  0  0
  0.119046853263   0.932552092367

