% Triangulation
newlinks/L210147
geometric_solution  15.85131128
oriented_manifold
CS_unknown

2 0
    torus   0.000000000000   0.000000000000
    torus   0.000000000000   0.000000000000

17
  16   14    8    3 
 3012 2103 3201 1230
   0    0    1    1 
  0  0  0  0  0  0  0  0  0  0  0  0  0  0  0  0
  0  0  0  0  0  0  0  0  0  0  0  0  0  0  0  0
  0 -1  1  0  0  0  1 -1  0  0  0  0  1  0 -1  0
  0  0  0  0  0  0  0  0  0  0  0  0  0  0  0  0
  0.312137493599   1.094528716843

   6    5    2    7 
 1230 0132 0132 0321
   1    0    0    1 
  0  0  1 -1  0  0  0  0  0  0  0  0  1  0 -1  0
  0  0  0  0  0  0  0  0  0  0  0  0  0  0  0  0
  0  0  1 -1  1  0  0 -1  0 -1  0  1  1  0 -1  0
  0  0  0  0  0  0  0  0  0  0  0  0  0  0  0  0
  0.250126088001   0.550133591504

   6   11   14    1 
 0213 2031 0132 0132
   1    0    1    0 
  0  1  0 -1  0  0  0  0 -1  0  0  1  0  0  0  0
  0  0  0  0  0  0  0  0  0  0  0  0  0  0  0  0
  0  1  0 -1  0  0  0  0 -1  0  0  1  0  0  0  0
  0  0  0  0  0  0  0  0  0  0  0  0  0  0  0  0
  0.514838865720   0.750470545483

   0   13    9    4 
 3012 1302 1302 0132
   1    0    0    1 
  0  0  0  0  0  0  0  0  0  0  0  0  0  0  0  0
  0  0  0  0  0  0  0  0  0  0  0  0  0  0  0  0
  0  0  0  0  0  0  0  0  1 -1  0  0  0  0  0  0
  0  0  0  0  0  0  0  0  0  0  0  0  0  0  0  0
  0.219828132942   1.311760297553

  15    5    3    5 
 2031 2031 0132 0132
   1    0    0    0 
  0  1  0 -1  0  0  0  0  0  0  0  0  0  0  0  0
  0  0  0  0  0  0  0  0  0  0  0  0  0  0  0  0
  0  2  0 -2  0  0  0  0 -1  1  0  0  0  0  0  0
  0  0  0  0  0  0  0  0  0  0  0  0  0  0  0  0
  0.148301510495   0.878460149030

   4    1    4   10 
 1302 0132 0132 1230
   1    0    1    0 
  0  0  1 -1  0  0  0  0 -1  0  0  1  0  0  0  0
  0  0  0  0  0  0  0  0  0  0  0  0  0  0  0  0
  0  0  2 -2  0  0  0  0 -2  0  0  2 -1  1  0  0
  0  0  0  0  0  0  0  0  0  0  0  0  0  0  0  0
  0.148301510495   0.878460149030

   2    1    7   12 
 0213 3012 0132 3201
   1    1    0    0 
  0 -1  1  0  1  0 -1  0  0  0  0  0  0  0  0  0
  0  0  0  0  0  0  0  0  0  0  0  0  0  0  0  0
  0 -1  1  0  1  0 -1  0  0 -1  0  1  0  0  0  0
  0  0  0  0  0  0  0  0  0  0  0  0  0  0  0  0
 -0.248220725559   1.026200174736

  14    1    8    6 
 0321 0321 0132 0132
   1    1    0    0 
  0  1  0 -1  0  0 -1  1  0  0  0  0  0  0  0  0
  0  0  0  0  0  0  0  0  0  0  0  0  0  0  0  0
  0  1  0 -1  0  0 -1  1  1 -1  0  0  0  1 -1  0
  0  0  0  0  0  0  0  0  0  0  0  0  0  0  0  0
  0.251793345615   0.655164835488

   0   13   12    7 
 2310 1230 3201 0132
   1    1    0    0 
  0  0  0  0  0  0 -1  1  0  0  0  0  0  0  0  0
  0  0  0  0  0  0  0  0  0  0  0  0  0  0  0  0
  0  0  0  0  1  0 -2  1 -1  0  0  1 -1  1  0  0
  0  0  0  0  0  0  0  0  0  0  0  0  0  0  0  0
  0.164705705423   0.820487548279

   3   11   10   16 
 2031 0321 0132 3120
   0    1    1    0 
  0  0  0  0  0  0  0  0  0  0  0  0  0  0  0  0
  0  0  0  0  0  0  0  0  0  0  0  0  0  0  0  0
  0  0 -1  1  0  0  0  0  0  1  0 -1  0  0  0  0
  0  0  0  0  0  0  0  0  0  0  0  0  0  0  0  0
  0.596460970334   0.674052681283

   5   12   11    9 
 3012 0213 0213 0132
   0    1    0    1 
  0  0  0  0  1  0 -1  0  0  0  0  0 -1  0  1  0
  0  0  0  0  0  0  0  0  0  0  0  0  0  0  0  0
  0 -1  0  1  2  0 -2  0  0  0  0  0 -2  0  2  0
  0  0  0  0  0  0  0  0  0  0  0  0  0  0  0  0
  0.778730988661   0.801901933720

   2   10   12    9 
 1302 0213 0132 0321
   0    0    1    1 
  0  0  0  0  0  0  0  0 -1  1  0  0  0 -1  1  0
  0  0  0  0  0  0  0  0  0  0  0  0  0  0  0  0
  0  0  0  0  0  0  0  0 -1  2  0 -1  0 -2  2  0
  0  0  0  0  0  0  0  0  0  0  0  0  0  0  0  0
 -0.145353131478   0.572882794773

   8    6   10   11 
 2310 2310 0213 0132
   0    0    1    1 
  0  0  0  0  0  0  0  0  1  0  0 -1  0  0  0  0
  0  0  0  0  0  0  0  0  0  0  0  0  0  0  0  0
  0 -1  1  0  0  0  0  0  2  0  0 -2  0  0  0  0
  0  0  0  0  0  0  0  0  0  0  0  0  0  0  0  0
 -0.519016096228   1.526709624852

  14   15    8    3 
 2031 0321 3012 2031
   0    1    1    0 
  0  0  0  0  0  0  0  0  0  0  0  0  0  0  0  0
  0  0  0  0  0  0  0  0  0  0  0  0  0  0  0  0
  0  0 -1  1  0  0  0  0  0  0  0  0  0  0  0  0
  0  0  0  0  0  0  0  0  0  0  0  0  0  0  0  0
  0.780958809459   0.794769065681

   7    0   13    2 
 0321 2103 1302 0132
   1    0    0    1 
  0  0  0  0  0  0  0  0  0  0  0  0  0  0  0  0
  0  0  0  0  0  0  0  0  0  0  0  0  0  0  0  0
  0  0  0  0  0  0  0  0 -1  1  0  0  0  0  0  0
  0  0  0  0  0  0  0  0  0  0  0  0  0  0  0  0
  0.796089103753   0.948924180924

  16   16    4   13 
 1023 0213 1302 0321
   0    0    1    0 
  0  0  0  0  0  0  0  0  0  0  0  0 -1  1  0  0
  0  0  0  0  0  0  0  0  0  0  0  0  0  0  0  0
  0  0  0  0  0  0  0  0  0  0  0  0 -2  1  1  0
  0  0  0  0  0  0  0  0  0  0  0  0  0  0  0  0
  0.728466328479   1.326166907599

   9   15   15    0 
 3120 1023 0213 1230
   0    1    1    0 
  0  0  0  0  0  0  0  0  0  0  0  0  0  1 -1  0
  0  0  0  0  0  0  0  0  0  0  0  0  0  0  0  0
  0  0  0  0  0  0  0  0  1  0  0 -1 -1  2 -1  0
  0  0  0  0  0  0  0  0  0  0  0  0  0  0  0  0
  0.148180736081   0.723712780936

