% Triangulation
newlinks/L210090
geometric_solution  12.29267017
oriented_manifold
CS_unknown

2 0
    torus   0.000000000000   0.000000000000
    torus   0.000000000000   0.000000000000

13
  10    1   10    2 
 1230 2031 3201 0132
   0    0    0    0 
  0  0  0  0  0  0  0  0  0  0  0  0  0  0  0  0
  0  0  0  0  0  0  0  0  0  0  0  0  0  0  0  0
  0 -1  1  0  0  0  1 -1  0  0  0  0 -1  0  1  0
  0  0  0  0  0  0  0  0  0  0  0  0  0  0  0  0
  0.308682891777   1.600076180909

   0    6    3    2 
 1302 2310 0132 2103
   0    0    0    0 
  0  0  0  0  0  0  0  0  0  0  0  0  0  0  0  0
  0  0  0  0  0  0  0  0  0  0  0  0  0  0  0  0
  0  0  0  0  0  0  0  0  1 -1  0  0  0  0  0  0
  0  0  0  0  0  0  0  0  0  0  0  0  0  0  0  0
  1.366433676064   1.794080804082

  10    3    0    1 
 2103 3012 0132 2103
   0    0    0    0 
  0  0  0  0  0  0  0  0  0  0  0  0  0  0  0  0
  0  0  0  0  0  0  0  0  0  0  0  0  0  0  0  0
  0  0  0  0 -1  0  1  0  0  0  0  0 -1  1  0  0
  0  0  0  0  0  0  0  0  0  0  0  0  0  0  0  0
  0.534209810957   0.462463575526

   2    7    9    1 
 1230 3201 2310 0132
   0    0    0    0 
  0  0  0  0  0  0  0  0  0  0  0  0  0 -1  1  0
  0  0  0  0  0  0  0  0  0  0  0  0  0  0  0  0
  0 -1  1  0  0  0  0  0 -1  1  0  0  0 -4  4  0
  0  0  0  0  0  0  0  0  0  0  0  0  0  0  0  0
  0.524822139099   0.875846485731

   9    6   12    5 
 3012 0132 0132 0132
   0    0    0    0 
  0  0  0  0 -1  0  0  1  0  0  0  0  0  0  0  0
  0  0  0  0  0  0  0  0  0  0  0  0  0  0  0  0
  0  0  0  0 -3  0  0  3 -1  0  0  1  0  0  0  0
  0  0  0  0  0  0  0  0  0  0  0  0  0  0  0  0
  0.665575194789   0.890214320773

  11    8    4    8 
 1023 0321 0132 3120
   0    0    1    0 
  0  0  0  0  1  0 -1  0  0 -1  0  1  0  0  0  0
  0  0  0  0  0  0  0  0  0  0  0  0  0  0  0  0
  0 -1  0  1  4  0 -3 -1 -1  1  0  0  0  1 -1  0
  0  0  0  0  0  0  0  0  0  0  0  0  0  0  0  0
  0.424823043571   0.848054280920

   9    4    7    1 
 2031 0132 0132 3201
   0    0    0    0 
  0  0  0  0  0  0  0  0  0  0  0  0  0  0  0  0
  0  0  0  0  0  0  0  0  0  0  0  0  0  0  0  0
  0  0  0  0 -1  0  0  1  0  0  0  0  0  0  0  0
  0  0  0  0  0  0  0  0  0  0  0  0  0  0  0  0
  0.607390384766   0.410507639661

  11    8    3    6 
 2031 0213 2310 0132
   0    0    0    0 
  0  0  0  0 -1  0  1  0  0  0  0  0  0  0  0  0
  0  0  0  0  0  0  0  0  0  0  0  0  0  0  0  0
  0  1 -1  0 -4  0  4  0  0  0  0  0  0 -1  1  0
  0  0  0  0  0  0  0  0  0  0  0  0  0  0  0  0
  0.665575194789   0.890214320773

   5   12    7    5 
 3120 0132 0213 0321
   0    0    1    0 
  0  0  0  0  0  0  0  0 -1  0  0  1  0  0  0  0
  0  0  0  0  0  0  0  0  0  0  0  0  0  0  0  0
  0  0 -1  1  1  0  0 -1  0  1  0 -1 -1  0  1  0
  0  0  0  0  0  0  0  0  0  0  0  0  0  0  0  0
  0.527801614307   0.942627450396

  10    3    6    4 
 3201 3201 1302 1230
   0    0    0    0 
  0 -1  0  1  0  0  0  0  0  0  0  0  0  0  0  0
  0  0  0  0  0  0  0  0  0  0  0  0  0  0  0  0
  0 -4  1  3 -1  0  0  1  1 -1  0  0  0  0  0  0
  0  0  0  0  0  0  0  0  0  0  0  0  0  0  0  0
  0.038824194040   0.813931321048

   0    0    2    9 
 2310 3012 2103 2310
   0    0    0    0 
  0  0  0  0  0  0  0  0  0  0  0  0  0  0  0  0
  0  0  0  0  0  0  0  0  0  0  0  0  0  0  0  0
  0  1  0 -1 -1  0  1  0 -1  0  0  1 -1  0  1  0
  0  0  0  0  0  0  0  0  0  0  0  0  0  0  0  0
  0.227544433563   0.526659074269

  12    5    7   12 
 2031 1023 1302 1230
   0    0    1    0 
  0 -1  1  0  0  0  0  0  0  0  0  0  0  0  0  0
  0  0  0  0  0  0  0  0  0  0  0  0  0  0  0  0
  0 -4  4  0  0  0  0  0  0  1  0 -1  0  0  0  0
  0  0  0  0  0  0  0  0  0  0  0  0  0  0  0  0
  0.527801614307   0.942627450396

  11    8   11    4 
 3012 0132 1302 0132
   0    0    0    1 
  0  0  0  0  0  0  0  0  0  0  0  0  0  0  0  0
  0  0  0  0  0  0  0  0  0  0  0  0  0  0  0  0
  0  0  0  0  0  0  0  0  0  0  0  0  1 -1  0  0
  0  0  0  0  0  0  0  0  0  0  0  0  0  0  0  0
  0.424823043571   0.848054280920

