% Triangulation
newlinks/L210114
geometric_solution  9.10403439
oriented_manifold
CS_unknown

2 0
    torus   0.000000000000  -0.000000000000
    torus   0.000000000000  -0.000000000000

10
   9    5    2    8 
 0213 1023 1302 2031
   0    0    0    0 
  0  0  0  0  1  0  0 -1 -1  1  0  0  0  0  0  0
  0  0  0  0  0  0  0  0  0  0  0  0  0  0  0  0
  0  0 -1  1 -2  0  0  2  3 -2  0 -1  0  1 -1  0
  0  0  0  0  0  0  0  0  0  0  0  0  0  0  0  0
  0.486390763263   0.930750643337

   2    7    6    3 
 1230 3201 2031 1230
   0    0    0    1 
  0 -1  0  1  0  0  0  0  0  0  0  0  0 -1  1  0
  0  0  0  0  0  0  0  0  0  0  0  0  0  0  0  0
  0  2  0 -2  1  0 -1  0  0  0  0  0  1 -1  0  0
  0  0  0  0  0  0  0  0  0  0  0  0  0  0  0  0
  0.565327518939   0.733249161401

   0    1    3    9 
 2031 3012 0132 0132
   1    0    0    0 
  0  0  0  0  0  0 -1  1  0  0  0  0  0  0  0  0
  0  0  0  0  0  0  0  0  0  0  0  0  0  0  0  0
  0 -1  0  1  1  0  2 -3  1 -1  0  0  0  0  0  0
  0  0  0  0  0  0  0  0  0  0  0  0  0  0  0  0
 -0.299386497276   2.211796121597

   1    9    6    2 
 3012 0132 1302 0132
   1    0    0    0 
  0  0  0  0 -1  0  0  1  0  0  0  0  0  0  0  0
  0  0  0  0  0  0  0  0  0  0  0  0  0  0  0  0
  0  0  0  0  2  0  0 -2  0  0  0  0  0  0  0  0
  0  0  0  0  0  0  0  0  0  0  0  0  0  0  0  0
  0.472276847394   0.490440681951

   5    8    7    5 
 1230 2031 0213 0132
   0    0    0    0 
  0  0  0  0 -1  0  0  1  0  0  0  0  1 -1  0  0
  0  0  0  0  0  0  0  0  0  0  0  0  0  0  0  0
  0 -1  1  0  2  0  0 -2 -1  1  0  0 -2  2  0  0
  0  0  0  0  0  0  0  0  0  0  0  0  0  0  0  0
  0.217876746938   1.142830100438

   0    4    4    8 
 1023 3012 0132 0132
   0    0    0    0 
  0 -1  0  1  0  0 -1  1 -1  1  0  0  0  0  0  0
  0  0  0  0  0  0  0  0  0  0  0  0  0  0  0  0
  0  2  0 -2  0  0  2 -2  2 -2  0  0 -1  1  0  0
  0  0  0  0  0  0  0  0  0  0  0  0  0  0  0  0
  0.217876746938   1.142830100438

   3    8    7    1 
 2031 0321 0132 1302
   0    1    0    0 
  0  0  0  0  0  0  1 -1  0  0  0  0  0  0  0  0
  0  0  0  0  0  0  0  0  0  0  0  0  0  0  0  0
  0  0 -1  1  0  0  0  0  0  0  0  0  0  0  0  0
  0  0  0  0  0  0  0  0  0  0  0  0  0  0  0  0
  0.697885237106   0.527706971946

   9    4    1    6 
 3012 0213 2310 0132
   0    1    0    0 
  0  0  0  0  0  0  1 -1  0  0  0  0 -1  0  1  0
  0  0  0  0  0  0  0  0  0  0  0  0  0  0  0  0
  0 -1  0  1 -1  0  1  0  0  0  0  0  2  0 -2  0
  0  0  0  0  0  0  0  0  0  0  0  0  0  0  0  0
  0.900079934777   0.545035804823

   4    0    5    6 
 1302 1302 0132 0321
   0    0    0    0 
  0  1 -1  0  1  0 -1  0  0  0  0  0  0  0  0  0
  0  0  0  0  0  0  0  0  0  0  0  0  0  0  0  0
  0 -2  2  0 -2  0  2  0  1 -1  0  0 -1  1  0  0
  0  0  0  0  0  0  0  0  0  0  0  0  0  0  0  0
  0.455972557547   0.372936088698

   0    3    2    7 
 0213 0132 0132 1230
   1    0    0    0 
  0  0  0  0  1  0 -1  0 -1  0  0  1  0  0  0  0
  0  0  0  0  0  0  0  0  0  0  0  0  0  0  0  0
  0  0 -1  1 -3  0  3  0  2  0  0 -2  0  0  0  0
  0  0  0  0  0  0  0  0  0  0  0  0  0  0  0  0
  0.042283386033   0.758650927212

