% Triangulation
newlinks/L210086
geometric_solution  13.66015134
oriented_manifold
CS_unknown

2 0
    torus   0.000000000000  -0.000000000000
    torus   0.000000000000  -0.000000000000

15
  12   14    2   12 
 1230 0321 1023 0132
   1    0    0    1 
  0  0  0  0 -1  0  1  0  0  0  0  0  0  0  0  0
  0  0  0  0  0  0  0  0  0  0  0  0  0  0  0  0
  0  0 -1  1 -3  0  3  0  0 -1  0  1 -1  0  1  0
  0  0  0  0  0  0  0  0  0  0  0  0  0  0  0  0
  0.500087576468   1.059140575165

  12    4    6   14 
 3012 1023 1302 0132
   1    1    0    0 
  0  0  0  0  0  0  0  0  0  0  0  0  0  0  0  0
  0  0  0  0  0  0  0  0  0  0  0  0  0  0  0  0
  0  0  0  0  0  0  0  0  0  0  0  0  0  0  0  0
  0  0  0  0  0  0  0  0  0  0  0  0  0  0  0  0
  0.655619140242   0.840332824146

   5    6    0    3 
 0132 2103 1023 0132
   0    1    0    1 
  0  0 -1  1  0  0  0  0  0  1  0 -1  0  0  0  0
  0  0  0  0  0  0  0  0  0  0  0  0  0  0  0  0
  0  0 -3  3 -1  0  1  0  0  3  0 -3  1  0 -1  0
  0  0  0  0  0  0  0  0  0  0  0  0  0  0  0  0
  0.842329459538   0.595416442475

  14   11    2   14 
 1023 3120 0132 3120
   0    1    0    0 
  0  0 -1  1  0  0  0  0  0  0  0  0 -1  0  1  0
  0  0  0  0  0  0  0  0  0  0  0  0  0  0  0  0
  0  0 -3  3  0  0  0  0  1 -1  0  0 -3  0  3  0
  0  0  0  0  0  0  0  0  0  0  0  0  0  0  0  0
  0.348142725251   0.841510714782

   1   11   10    5 
 1023 2031 0132 0132
   0    1    0    0 
  0  1  0 -1  0  0  0  0  0  1  0 -1  0  0  0  0
  0  0  0  0  0  0  0  0  0  0  0  0  0  0  0  0
  0  3  0 -3  0  0 -1  1  0  2  0 -2  0  0  0  0
  0  0  0  0  0  0  0  0  0  0  0  0  0  0  0  0
  0.088343773584   0.583387907351

   2    8    4    6 
 0132 3120 0132 0132
   0    1    1    0 
  0  0  1 -1  0  0  0  0  0  0  0  0  0 -1  1  0
  0  0  0  0  0  0  0  0  0  0  0  0  0  0  0  0
  0  0  3 -3  1  0 -1  0 -1  1  0  0  0 -2  2  0
  0  0  0  0  0  0  0  0  0  0  0  0  0  0  0  0
  0.348142725251   0.841510714782

   1    2    5    9 
 2031 2103 0132 0132
   0    1    0    1 
  0 -1  1  0  0  0  0  0  0  0  0  0  0  0  0  0
  0  0  0  0  0  0  0  0  0  0  0  0  0  0  0  0
  0 -3  3  0  0  0  0  0  0  0  0  0  0  0  0  0
  0  0  0  0  0  0  0  0  0  0  0  0  0  0  0  0
 -0.117997279016   2.082883383632

  13    8    8   10 
 2310 3012 0132 0321
   0    0    0    1 
  0 -1  1  0  1  0 -1  0  0  1  0 -1  0  0  0  0
  0  0  0  0  0  0  0  0  0  0  0  0  0  0  0  0
  0 -2  2  0  2  0 -2  0  0  2  0 -2  1 -1  0  0
  0  0  0  0  0  0  0  0  0  0  0  0  0  0  0  0
  0.295895405120   1.641598119165

   7    5   11    7 
 1230 3120 0132 0132
   0    0    1    0 
  0  1  0 -1 -1  0  0  1  0  0  0  0  1  0 -1  0
  0  0  0  0  0  0  0  0  0  0  0  0  0  0  0  0
  0  2  0 -2 -2  0  0  2  1 -1  0  0  2  0 -2  0
  0  0  0  0  0  0  0  0  0  0  0  0  0  0  0  0
  0.295895405120   1.641598119165

  13   11    6   10 
 3012 0213 0132 0132
   0    1    0    0 
  0  0  0  0  1  0  0 -1  1  0  0 -1  1 -1  0  0
  0  0  0  0  0  0  0  0  0  0  0  0  0  0  0  0
  0  0  0  0  0  0  0  0  3  0  0 -3  2 -2  0  0
  0  0  0  0  0  0  0  0  0  0  0  0  0  0  0  0
  0.313206240345   1.493830785466

  13    7    9    4 
 1023 0321 0132 0132
   0    1    0    0 
  0  0  0  0 -1  0  1  0 -1  1  0  0 -1  0  1  0
  0  0  0  0  0  0  0  0  0  0  0  0  0  0  0  0
  0  0  0  0 -1  0  0  1 -2  2  0  0 -3  0  3  0
  0  0  0  0  0  0  0  0  0  0  0  0  0  0  0  0
  0.449770369973   0.373214793188

   4    3    9    8 
 1302 3120 0213 0132
   0    0    0    0 
  0  0  0  0  0  0  0  0 -1  0  0  1 -1  0  1  0
  0  0  0  0  0  0  0  0  0  0  0  0  0  0  0  0
  0  0  0  0  0  0  0  0 -3  1  0  2 -2  0  2  0
  0  0  0  0  0  0  0  0  0  0  0  0  0  0  0  0
  0.454488170633   0.251516817951

  13    0    0    1 
 0213 3012 0132 1230
   1    0    0    0 
  0  0  0  0  0  0  0  0 -1  1  0  0  0  0  0  0
  0  0  0  0  0  0  0  0  0  0  0  0  0  0  0  0
  0  1 -1  0  0  0  0  0 -3  3  0  0  1  0 -1  0
  0  0  0  0  0  0  0  0  0  0  0  0  0  0  0  0
  0.500087576468   1.059140575165

  12   10    7    9 
 0213 1023 3201 1230
   1    0    0    0 
  0  1  0 -1  1  0  0 -1  0  1  0 -1  0  1 -1  0
  0  0  0  0  0  0  0  0  0  0  0  0  0  0  0  0
  0  1 -1  0  3  0  0 -3  0  2  0 -2 -1  3 -2  0
  0  0  0  0  0  0  0  0  0  0  0  0  0  0  0  0
  0.795807828652   0.582457544000

   3    3    1    0 
 3120 1023 0132 0321
   1    1    0    0 
  0  0  0  0  0  0  0  0  0  0  0  0 -1  1  0  0
  0  0  0  0  0  0  0  0  0  0  0  0  0  0  0  0
  0  0  0  0  0  0  0  0  0 -1  0  1 -3  3  0  0
  0  0  0  0  0  0  0  0  0  0  0  0  0  0  0  0
  0.580218972740   1.014670727493

