% Triangulation
newlinks/L210101
geometric_solution  8.92931782
oriented_manifold
CS_unknown

2 0
    torus   0.000000000000  -0.000000000000
    torus   0.000000000000  -0.000000000000

10
   6    9    4    1 
 0321 0132 1302 0321
   0    1    0    1 
  0 -1  1  0  0  0 -1  1  0  0  0  0  0  1 -1  0
  0  0  0  0  0  0  0  0  0  0  0  0  0  0  0  0
  0  3 -3  0  0  0  3 -3  0 -1  0  1 -1 -3  4  0
  0  0  0  0  0  0  0  0  0  0  0  0  0  0  0  0
  0.326094807610   0.514426127068

   2    0    3    5 
 0132 0321 1302 0132
   0    1    0    1 
  0  0  0  0  1  0 -1  0  0  0  0  0  0 -1  1  0
  0  0  0  0  0  0  0  0  0  0  0  0  0  0  0  0
  0  0  0  0 -4  0  4  0  1 -1  0  0  0  3 -3  0
  0  0  0  0  0  0  0  0  0  0  0  0  0  0  0  0
 -0.062435102919   0.715690996786

   1    8    4    7 
 0132 2031 1230 0213
   0    1    1    0 
  0 -1  0  1 -1  0  1  0  0  0  0  0  0  0  0  0
  0  0  0  0  0  0  0  0  0  0  0  0  0  0  0  0
  0  4  0 -4  4  0 -4  0  0  0  0  0 -1  0  1  0
  0  0  0  0  0  0  0  0  0  0  0  0  0  0  0  0
  0.120972063761   1.386697752530

   1    6    4    8 
 2031 0213 1023 2031
   0    0    1    1 
  0  0 -1  1  0  0  0  0 -1  0  0  1  1 -1  0  0
  0  0  0  0  0  0  0  0  0  0  0  0  0  0  0  0
  0  0  3 -3  0  0 -1  1  3  1  0 -4 -4  4  0  0
  0  0  0  0  0  0  0  0  0  0  0  0  0  0  0  0
  0.937564897081   0.715690996786

   0    5    3    2 
 2031 0321 1023 3012
   0    0    1    1 
  0  0  0  0 -1  0  1  0  1  0  0 -1  1 -1  0  0
  0  0  0  0  0  0  0  0  0  0  0  0  0  0  0  0
  0  0  1 -1  3  0 -3  0 -4  0  0  4 -3  3  0  0
  0  0  0  0  0  0  0  0  0  0  0  0  0  0  0  0
  0.647438628075   0.436135812731

   7    9    1    4 
 0213 1023 0132 0321
   0    1    1    0 
  0  0  0  0 -1  0  0  1  0  0  0  0  0  0  0  0
  0  0  0  0  0  0  0  0  0  0  0  0  0  0  0  0
  0  0  0  0  3  0  0 -3  0  0  0  0  0  0  0  0
  0  0  0  0  0  0  0  0  0  0  0  0  0  0  0  0
  0.120972063761   1.386697752530

   0    8    3    7 
 0321 0213 0213 0132
   0    1    0    1 
  0  0  0  0  0  0  0  0  0  0  0  0  0 -1  1  0
  0  0  0  0  0  0  0  0  0  0  0  0  0  0  0  0
  0  0  0  0  1  0 -1  0  0  0  0  0  0  4 -4  0
  0  0  0  0  0  0  0  0  0  0  0  0  0  0  0  0
  0.652189615220   1.028852254137

   5    9    6    2 
 0213 0321 0132 0213
   0    1    1    0 
  0  1  0 -1  0  0  0  0  1 -1  0  0  0  0  0  0
  0  0  0  0  0  0  0  0  0  0  0  0  0  0  0  0
  0 -4  0  4  0  0  0  0 -3  3  0  0  0  0  0  0
  0  0  0  0  0  0  0  0  0  0  0  0  0  0  0  0
  0.560486031880   0.693348876265

   2    3    6    9 
 1302 1302 0213 0132
   0    0    0    1 
  0  0  0  0  0  0  0  0  1 -1  0  0  0 -1  1  0
  0  0  0  0  0  0  0  0  0  0  0  0  0  0  0  0
  0 -1  0  1  0  0  0  0 -4  3  0  1  0  4 -4  0
  0  0  0  0  0  0  0  0  0  0  0  0  0  0  0  0
 -0.347810384780   1.028852254137

   5    0    8    7 
 1023 0132 0132 0321
   0    0    1    0 
  0  1  0 -1  0  0  0  0  0 -1  0  1  0  0  0  0
  0  0  0  0  0  0  0  0  0  0  0  0  0  0  0  0
  0 -3 -1  4  0  0  0  0  0  3  0 -3  0  1 -1  0
  0  0  0  0  0  0  0  0  0  0  0  0  0  0  0  0
 -0.347810384780   1.028852254137

