% Triangulation
newlinks/L210061
geometric_solution  14.32376002
oriented_manifold
CS_unknown

2 0
    torus   0.000000000000  -0.000000000000
    torus   0.000000000000  -0.000000000000

16
   7    4    9   12 
 0132 1023 1302 1230
   0    1    1    0 
  0  0  0  0  0  0  0  0  0  0  0  0  0  0  0  0
  0  0  0  0  0  0  0  0  0  0  0  0  0  0  0  0
  0  1  0 -1  0  0  0  0  0  1  0 -1 -1  0  1  0
  0  0  0  0  0  0  0  0  0  0  0  0  0  0  0  0
  0.614860269635   1.246645482908

  14    2    5   11 
 0321 1023 1302 1230
   1    0    1    0 
  0  0  0  0  0  0  0  0  0  0  0  0  0  0  0  0
  0  0  0  0  0  0  0  0  0  0  0  0  0  0  0  0
  0 -1  0  1  0  0  0  0  0  0  0  0  0  0  0  0
  0  0  0  0  0  0  0  0  0  0  0  0  0  0  0  0
  0.226225743718   0.732262291549

   1    4    3    8 
 1023 0321 0132 3120
   0    1    1    0 
  0  1 -1  0  0  0  0  0  0  0  0  0  0  0  0  0
  0  0  0  0  0  0  0  0  0  0  0  0  0  0  0  0
  0  1 -2  1  1  0 -1  0  0  0  0  0  0 -1  1  0
  0  0  0  0  0  0  0  0  0  0  0  0  0  0  0  0
  0.474904917503   0.736671298309

   7    6    4    2 
 1302 0132 0213 0132
   0    1    0    0 
  0  0 -1  1  0  0  0  0  0  0  0  0  0  0  0  0
  0  0  0  0  0  0  0  0  0  0  0  0  0  0  0  0
  0  0 -2  2  0  0 -1  1  1  0  0 -1  1 -1  0  0
  0  0  0  0  0  0  0  0  0  0  0  0  0  0  0  0
  1.209305778605   0.593057051404

   0    3    5    2 
 1023 0213 0213 0321
   0    0    1    0 
  0  1  0 -1  0  0  0  0  0  0  0  0  0  0  0  0
  0  0  0  0  0  0  0  0  0  0  0  0  0  0  0  0
  0  2 -1 -1 -1  0  0  1 -1  1  0  0  0  0  0  0
  0  0  0  0  0  0  0  0  0  0  0  0  0  0  0  0
  0.032764263693   0.875978042347

   1    4    7    6 
 2031 0213 0132 0132
   0    1    0    0 
  0  0  0  0  0  0  0  0  0  0  0  0  0  0  0  0
  0  0  0  0  0  0  0  0  0  0  0  0  0  0  0  0
  0  1 -1  0  0  0  0  0  0  0  0  0  0  0  0  0
  0  0  0  0  0  0  0  0  0  0  0  0  0  0  0  0
 -0.106976423876   1.386079514972

   8    3    5    8 
 1230 0132 0132 0132
   0    1    0    0 
  0  0  0  0  0  0  0  0  0  0  0  0  0  0  0  0
  0  0  0  0  0  0  0  0  0  0  0  0  0  0  0  0
  0  0  0  0  0  0  0  0 -1  1  0  0  0  0  0  0
  0  0  0  0  0  0  0  0  0  0  0  0  0  0  0  0
  0.137417152995   1.172506568048

   0    3    8    5 
 0132 2031 0132 0132
   0    1    0    1 
  0  0  0  0  0  0  0  0  0  0  0  0  0  0  0  0
  0  0  0  0  0  0  0  0  0  0  0  0  0  0  0  0
  0 -1  0  1  0  0  0  0  1 -1  0  0  0  0  0  0
  0  0  0  0  0  0  0  0  0  0  0  0  0  0  0  0
 -0.080348608166   0.509846896572

   2    6    6    7 
 3120 3012 0132 0132
   0    1    1    0 
  0  0  0  0  0  0  0  0  0  0  0  0  0  0  0  0
  0  0  0  0  0  0  0  0  0  0  0  0  0  0  0  0
  0  0  0  0  0  0  0  0  0  0  0  0 -1  1  0  0
  0  0  0  0  0  0  0  0  0  0  0  0  0  0  0  0
  0.137417152995   1.172506568048

   0   11   10   15 
 2031 0321 0132 3120
   1    0    0    1 
  0  0  0  0  0  0  0  0  0  0  0  0  0  1 -1  0
  0  0  0  0  0  0  0  0  0  0  0  0  0  0  0  0
  0  0 -1  1  0  0  0  0 -1  0  0  1  0  1 -1  0
  0  0  0  0  0  0  0  0  0  0  0  0  0  0  0  0
  0.474904917503   0.736671298309

  14   13   11    9 
 1302 0132 0213 0132
   1    0    1    1 
  0  0  0  0  0  0  0  0 -1  0  0  1  0  0  0  0
  0  0  0  0  0  0  0  0  0  0  0  0  0  0  0  0
  0 -1  0  1  0  0  0  0 -1  0  0  1  0 -1  1  0
  0  0  0  0  0  0  0  0  0  0  0  0  0  0  0  0
  1.209305778605   0.593057051404

   1   10   12    9 
 3012 0213 0213 0321
   1    1    0    1 
  0  0  0  0  0  0  1 -1  0  0  0  0  0  0  0  0
  0  0  0  0  0  0  0  0  0  0  0  0  0  0  0  0
  0  0  0  0 -1  0  2 -1  0  0  0  0  0 -1  1  0
  0  0  0  0  0  0  0  0  0  0  0  0  0  0  0  0
  0.032764263693   0.875978042347

   0   11   14   13 
 3012 0213 0132 0132
   1    0    1    1 
  0  0  0  0  0  0  0  0  0 -1  0  1  0  0  0  0
  0  0  0  0  0  0  0  0  0  0  0  0  0  0  0  0
  0  0  0  0  1  0  0 -1  0 -2  0  2  1 -1  0  0
  0  0  0  0  0  0  0  0  0  0  0  0  0  0  0  0
 -0.106976423876   1.386079514972

  15   10   12   15 
 1230 0132 0132 0132
   1    0    1    1 
  0  0  0  0  0  0  0  0  0  0  0  0  1  0 -1  0
  0  0  0  0  0  0  0  0  0  0  0  0  0  0  0  0
  0  1  0 -1 -1  0  1  0 -1  1  0  0  2  0 -2  0
  0  0  0  0  0  0  0  0  0  0  0  0  0  0  0  0
  0.137417152995   1.172506568048

   1   10   15   12 
 0321 2031 0132 0132
   1    0    1    0 
  0  1 -1  0  0  0  0  0  0  0  0  0  0  0  0  0
  0  0  0  0  0  0  0  0  0  0  0  0  0  0  0  0
  0  1 -1  0  0  0  0  0  0  0  0  0  0  0  0  0
  0  0  0  0  0  0  0  0  0  0  0  0  0  0  0  0
 -0.080348608166   0.509846896572

   9   13   13   14 
 3120 3012 0132 0132
   1    0    0    1 
  0 -1  0  1  0  0  0  0  0  0  0  0  0  0  0  0
  0  0  0  0  0  0  0  0  0  0  0  0  0  0  0  0
  0 -2  1  1  0  0  0  0 -1  1  0  0 -1  1  0  0
  0  0  0  0  0  0  0  0  0  0  0  0  0  0  0  0
  0.137417152995   1.172506568048

