% Triangulation
newlinks/L210126
geometric_solution  4.41533248
oriented_manifold
CS_unknown

2 0
    torus   0.000000000000   0.000000000000
    torus   0.000000000000   0.000000000000

5
   4    2    4    1 
 1023 0321 0132 0132
   1    1    0    0 
  0  2 -2  0  2  0 -3  1  1  0  0 -1  0  0  0  0
  0  0  0  0  0  0  0  0  0  0  0  0  0  0  0  0
  0 -3  3  0 -3  0  5 -2 -1 -1  0  2  0  1 -1  0
  0  0  0  0  0  0  0  0  0  0  0  0  0  0  0  0
  0.471443414326   1.008327689094

   3    2    0    2 
 0213 3012 0132 0321
   1    1    0    0 
  0 -1  0  1  0  0 -1  1  0  0  0  0 -1  0  1  0
  0  0  0  0  0  0  0  0  0  0  0  0  0  0  0  0
  0  2  0 -2  0  0  2 -2  0 -1  0  1  2  0 -2  0
  0  0  0  0  0  0  0  0  0  0  0  0  0  0  0  0
 -0.176604982100   1.202820819285

   1    1    3    0 
 1230 0321 0132 0321
   1    0    0    1 
  0 -1  3 -2  0  0  0  0  0  0  0  0  1 -1  0  0
  0  0  0  0  0  0  0  0  0  0  0  0  0  0  0  0
  0  2 -5  3  1  0  0 -1  0 -1  0  1 -2  2  0  0
  0  0  0  0  0  0  0  0  0  0  0  0  0  0  0  0
  0.415588603604   0.424848298518

   1    4    4    2 
 0213 0213 1302 0132
   1    0    1    0 
  0  0  3 -3  0  0  0  0  0  0  0  0  1  0 -1  0
  0  0  0  0  0  0  0  0  0  0  0  0  0  0  0  0
  0  0 -5  5  0  0  0  0  0  0  0  0 -2  0  2  0
  0  0  0  0  0  0  0  0  0  0  0  0  0  0  0  0
  0.619491810752   0.813834558902

   3    0    3    0 
 2031 1023 0213 0132
   1    1    0    0 
  0 -2  0  2 -3  0  0  3  1 -1  0  0  0  0  0  0
  0  0  0  0  0  0  0  0  0  0  0  0  0  0  0  0
  0  3  0 -3  5  0  0 -5 -2  1  0  1  0  0  0  0
  0  0  0  0  0  0  0  0  0  0  0  0  0  0  0  0
  0.455848754475   0.300705204821

