% Triangulation
newlinks/L210120
geometric_solution  6.13813879
oriented_manifold
CS_unknown

2 0
    torus   0.000000000000   0.000000000000
    torus   0.000000000000   0.000000000000

7
   6    2    1    1 
 0321 0213 3012 0132
   0    0    0    0 
  0  0  0  0  1  0 -1  0  0  0  0  0  1  0 -1  0
  0  0  0  0  0  0  0  0  0  0  0  0  0  0  0  0
  0  0  0  0 -7  0  7  0 -1  1  0  0 -8  1  7  0
  0  0  0  0  0  0  0  0  0  0  0  0  0  0  0  0
  1.393075688879   1.136009824757

   6    0    0    2 
 3012 1230 0132 1023
   0    0    0    0 
  0  1  0 -1  0  0  0  0  0  1  0 -1  0  0  0  0
  0  0  0  0  0  0  0  0  0  0  0  0  0  0  0  0
  0 -7  0  7  0  0  0  0  0 -7  0  7  0  0  0  0
  0  0  0  0  0  0  0  0  0  0  0  0  0  0  0  0
  0.588537896445   0.392645434130

   5    5    0    1 
 1023 0213 0213 1023
   0    0    0    0 
  0  0  0  0 -1  0  0  1  0 -1  0  1  0  0  0  0
  0  0  0  0  0  0  0  0  0  0  0  0  0  0  0  0
  0  0  0  0  8  0 -1 -7  0  7  0 -7  0  1 -1  0
  0  0  0  0  0  0  0  0  0  0  0  0  0  0  0  0
  0.296844831492   1.137728962012

   4    6    4    4 
 3120 0213 2103 0132
   0    1    0    0 
  0  0  0  0  1  0  1 -2  0 -1  0  1  1  0 -1  0
  0  0  0  0  0  0  0  0  0  0  0  0  0  0  0  0
  0  0  0  0 -1  0  0  1  0  8  0 -8 -8  0  8  0
  0  0  0  0  0  0  0  0  0  0  0  0  0  0  0  0
  0.564266466030   0.382271378409

   3    5    3    3 
 2103 0321 0132 3120
   0    1    0    0 
  0  1  0 -1 -1  0  2 -1  0  0  0  0  1  0 -1  0
  0  0  0  0  0  0  0  0  0  0  0  0  0  0  0  0
  0 -8  0  8  0  0 -1  1  0  0  0  0 -8  0  8  0
  0  0  0  0  0  0  0  0  0  0  0  0  0  0  0  0
 -0.214709131741   0.822924207109

   6    2    2    4 
 1302 1023 0213 0321
   0    0    0    0 
  0  1  0 -1 -1  0  1  0  0  0  0  0  0  0  0  0
  0  0  0  0  0  0  0  0  0  0  0  0  0  0  0  0
  0 -8  0  8  7  0 -7  0  0  0  0  0  1  0 -1  0
  0  0  0  0  0  0  0  0  0  0  0  0  0  0  0  0
  0.393075688879   0.636009824757

   0    5    3    1 
 0321 2031 0213 1230
   0    0    0    0 
  0  0  0  0 -1  0  1  0  0  0  0  0 -1  1  0  0
  0  0  0  0  0  0  0  0  0  0  0  0  0  0  0  0
  0  0  0  0  8  0 -8  0  1 -1  0  0  7 -7  0  0
  0  0  0  0  0  0  0  0  0  0  0  0  0  0  0  0
  0.393075688879   0.636009824757

