% Triangulation
newlinks/L210152
geometric_solution  16.64873323
oriented_manifold
CS_unknown

2 0
    torus   0.000000000000   0.000000000000
    torus   0.000000000000   0.000000000000

18
   1   15    8    6 
 2103 1023 1023 0132
   0    0    0    1 
  0  0  0  0  0  0  0  0  0  0  0  0  0  0  0  0
  0  0  0  0  0  0  0  0  0  0  0  0  0  0  0  0
  0  0  0  0  1  0  0 -1  0  1  0 -1  1  0 -1  0
  0  0  0  0  0  0  0  0  0  0  0  0  0  0  0  0
  0.456103142151   0.847271454078

  15    3    0   11 
 1023 0213 2103 2031
   0    0    0    1 
  0  0  0  0  0  0  0  0  0  0  0  0  0  0  0  0
  0  0  0  0  0  0  0  0  0  0  0  0  0  0  0  0
  0  0  0  0  1  0 -1  0  0  0  0  0  0  1 -1  0
  0  0  0  0  0  0  0  0  0  0  0  0  0  0  0  0
  1.200798149067   0.913439668406

   7    3   14   11 
 0321 1302 0132 3120
   0    1    0    0 
  0  0  0  0 -1  0  1  0  0  0  0  0  0  0  0  0
  0  0  0  0  0  0  0  0  0  0  0  0  0  0  0  0
  0  0  0  0 -2  0  1  1 -1  1  0  0  0  0  0  0
  0  0  0  0  0  0  0  0  0  0  0  0  0  0  0  0
  0.507394277871   0.915079787669

   6    6    1    2 
 1302 3012 0213 2031
   0    0    0    1 
  0  0  0  0  0  0  0  0  0  0  0  0  0  0  0  0
  0  0  0  0  0  0  0  0  0  0  0  0  0  0  0  0
  0  1  0 -1  0  0  0  0 -1  1  0  0  0  1 -1  0
  0  0  0  0  0  0  0  0  0  0  0  0  0  0  0  0
  0.149128041995   0.726137416366

   8   17   16   12 
 0213 0321 0132 2031
   0    1    0    1 
  0  0  0  0  0  0  0  0 -1  0  0  1  0  0  0  0
  0  0  0  0  0  0  0  0  0  0  0  0  0  0  0  0
  0 -1  0  1  0  0  0  0  1  0  0 -1  0  0  0  0
  0  0  0  0  0  0  0  0  0  0  0  0  0  0  0  0
  0.489821459234   0.594199438938

  12   16   10   13 
 2031 0132 2103 0132
   0    1    0    1 
  0  0  0  0  0  0  0  0  0 -1  0  1  0  0  0  0
  0  0  0  0  0  0  0  0  0  0  0  0  0  0  0  0
  0  0  0  0  1  0 -1  0  0  0  0  0 -1  0  1  0
  0  0  0  0  0  0  0  0  0  0  0  0  0  0  0  0
  0.489821459234   0.594199438938

   3    3    0    7 
 1230 2031 0132 0132
   0    0    1    0 
  0  0  0  0  0  0  0  0  0  0  0  0  0  0  0  0
  0  0  0  0  0  0  0  0  0  0  0  0  0  0  0  0
  0  1  0 -1 -1  0  1  0 -1  0  0  1 -1  0  1  0
  0  0  0  0  0  0  0  0  0  0  0  0  0  0  0  0
  0.149128041995   0.726137416366

   2   14    6    9 
 0321 2031 0132 1023
   0    0    0    1 
  0  0  0  0  0  0  0  0  0  0  0  0  1 -1  0  0
  0  0  0  0  0  0  0  0  0  0  0  0  0  0  0  0
  0  0  1 -1  0  0  0  0  1 -1  0  0  2 -1 -1  0
  0  0  0  0  0  0  0  0  0  0  0  0  0  0  0  0
 -0.229564425423   1.044298732885

   4   10    0    9 
 0213 0213 1023 0132
   0    0    1    1 
  0  0  0  0  1  0  0 -1  0  0  0  0  0  0  0  0
  0  0  0  0  0  0  0  0  0  0  0  0  0  0  0  0
  0  0  0  0 -1  0  0  1  0  0  0  0  0 -1  1  0
  0  0  0  0  0  0  0  0  0  0  0  0  0  0  0  0
  1.051271795574   1.275422313935

  13   11    8    7 
 0321 0321 0132 1023
   0    0    0    1 
  0  0  0  0 -1  0  1  0  0  0  0  0  0  0  0  0
  0  0  0  0  0  0  0  0  0  0  0  0  0  0  0  0
  0  0  0  0  0  0 -1  1  0  0  0  0  0  0  0  0
  0  0  0  0  0  0  0  0  0  0  0  0  0  0  0  0
  0.309967775779   0.730212882868

   5   17    8   11 
 2103 3201 0213 0132
   0    1    0    1 
  0  0  0  0  0  0  0  0  0  0  0  0  0  0  0  0
  0  0  0  0  0  0  0  0  0  0  0  0  0  0  0  0
  0  0  0  0  1  0  0 -1  0  0  0  0 -1  0  1  0
  0  0  0  0  0  0  0  0  0  0  0  0  0  0  0  0
  0.082809001779   0.764218369588

   2    1   10    9 
 3120 1302 0132 0321
   0    1    0    0 
  0  0  0  0  0  0  0  0  0  0  0  0  0  0  0  0
  0  0  0  0  0  0  0  0  0  0  0  0  0  0  0  0
  0  0  0  0 -1  0  1  0  0  0  0  0  0  0  0  0
  0  0  0  0  0  0  0  0  0  0  0  0  0  0  0  0
 -0.605469424520   1.162992026353

  16    4    5   16 
 2103 1302 1302 1230
   1    1    0    0 
  0  0  0  0  0  0  0  0  0  0  0  0  1 -1  0  0
  0  0  0  0  0  0  0  0  0  0  0  0  0  0  0  0
  0  0 -1  1 -1  0  1  0  0 -1  0  1 -1  1  0  0
  0  0  0  0  0  0  0  0  0  0  0  0  0  0  0  0
  0.052255983304   0.663548162322

   9   17    5   14 
 0321 0132 0132 0132
   0    1    0    0 
  0  0  0  0  0  0  0  0  0  0  0  0  1  0 -1  0
  0  0  0  0  0  0  0  0  0  0  0  0  0  0  0  0
  0  1  0 -1  0  0  0  0  0  0  0  0  0  0  0  0
  0  0  0  0  0  0  0  0  0  0  0  0  0  0  0  0
  0.234808355161   1.150826407254

   7   15   13    2 
 1302 2310 0132 0132
   0    1    0    0 
  0  0  0  0  1  0  0 -1  0  0  0  0  0  0  0  0
  0  0  0  0  0  0  0  0  0  0  0  0  0  0  0  0
  0 -1  1  0  1  0  0 -1  0  0  0  0  1 -1  0  0
  0  0  0  0  0  0  0  0  0  0  0  0  0  0  0  0
  0.286465756179   1.318004620936

   0    1   17   14 
 1023 1023 3201 3201
   0    0    0    1 
  0  0  0  0  0  0  0  0  0  0  0  0  0  0  0  0
  0  0  0  0  0  0  0  0  0  0  0  0  0  0  0  0
  0 -1  0  1  0  0  0  0 -1  0  0  1  0  0  0  0
  0  0  0  0  0  0  0  0  0  0  0  0  0  0  0  0
  0.842531913191   0.724497297103

  12    5   12    4 
 3012 0132 2103 0132
   0    1    1    0 
  0  0  0  0  0  0  0  0  0  0  0  0  0  1 -1  0
  0  0  0  0  0  0  0  0  0  0  0  0  0  0  0  0
  0  0  0  0 -1  0  1  0  0  0  0  0 -1  0  1  0
  0  0  0  0  0  0  0  0  0  0  0  0  0  0  0  0
  0.708056389499   0.495734615883

  15   13   10    4 
 2310 0132 2310 0321
   0    1    0    0 
  0  0  0  0  0  0  0  0  0  0  0  0  0  0  0  0
  0  0  0  0  0  0  0  0  0  0  0  0  0  0  0  0
  0 -1  0  1  0  0  0  0  0  0  0  0  0  0  0  0
  0  0  0  0  0  0  0  0  0  0  0  0  0  0  0  0
  0.400640747184   0.602552255754

