% Triangulation
newlinks/L306003
degenerate_solution  0.00000000
oriented_manifold
CS_unknown

3 0
    torus   0.000000000000  -0.000000000000
    torus   0.000000000000  -0.000000000000
    torus   0.000000000000  -0.000000000000

5
   3    4    0    0 
 2310 0321 0132 0132
   1    1    1    1 
  0  0  0  0  0  0  0  0 -2  1  0  1  1  0 -1  0
  0  0  0  0  0  0  0  0  0  0  0  0  0  0  0  0
  0  0  0  0  0  0  0  0  3 -1  0 -2 -2  0  2  0
  0  0  0  0  0  0  0  0  0  0  0  0  0  0  0  0
  1.000000000000  -0.000000000000

   4    4    2    4 
 1230 2031 3120 0132
   1    1    0    1 
  0  0  0  0 -1  0  1  0  1  1  0 -2  0  0  0  0
  0  0  0  0  0  0  0  0  0  0  0  0  0  0  0  0
  0  0  0  0  1  0 -1  0  0 -1  0  1  0  0  0  0
  0  0  0  0  0  0  0  0  0  0  0  0  0  0  0  0
-86189642162009.843750000000 375240564667372.437500000000

   3    3    1    3 
 1023 0321 3120 3120
   1    1    2    1 
  0 -1  0  1  0  0 -1  1  0 -1  0  1 -1  1  0  0
  0  0  0  0  0  0  0  0  0  0  0  0  0  0  0  0
  0  2  0 -2  0  0  1 -1 -1  1  0  0  2 -2  0  0
  0  0  0  0  0  0  0  0  0  0  0  0  0  0  0  0
-86189642162010.453125000000 375240564667375.125000000000

   2    2    0    2 
 3120 1023 3201 0321
   1    1    2    1 
  0  0 -1  1 -1  0  2 -1 -1  0  0  1 -1  1  0  0
  0  0  0  0  0  0  0  0  0  0  0  0  0  0  0  0
  0  0  2 -2  1  0 -3  2  0  1  0 -1  2 -2  0  0
  0  0  0  0  0  0  0  0  0  0  0  0  0  0  0  0
  1.000000000000   0.000000000000

   1    1    1    0 
 1302 3012 0132 0321
   1    1    1    0 
  0  0  0  0  0  0  0  0  0  1  0 -1 -1 -1  2  0
  0  0  0  0  0  0  0  0  0  0  0  0  0  0  0  0
  0  0  0  0  0  0  0  0  0 -1  0  1  1  0 -1  0
  0  0  0  0  0  0  0  0  0  0  0  0  0  0  0  0
-86189642162009.843750000000 375240564667372.437500000000

