% Triangulation
newlinks/L309005
geometric_solution  9.31234132
oriented_manifold
CS_unknown

3 0
    torus   0.000000000000  -0.000000000000
    torus   0.000000000000  -0.000000000000
    torus   0.000000000000  -0.000000000000

10
   7    5    5    2 
 3012 3012 0132 2103
   0    2    2    1 
  0 -1  1  0 -1  0  1  0  0  0  0  0  0  1 -1  0
  0  0  0  0  0  0  0  0  0  0  0  0  0  0  0  0
  0  4 -3 -1  1  0 -2  1  0  1  0 -1 -1 -1  2  0
  0  0  0  0  0  0  0  0  0  0  0  0  0  0  0  0
  0.925943326746   1.005335969562

   8    4    9    7 
 1023 3201 2031 0132
   2    2    0    0 
  0 -1  0  1  0  0  0  0  0  0  0  0  0  0  0  0
  0  0  0  0  0  0  0  0  0  0  0  0  0  0  0  0
  0  1  0 -1  0  0  0  0  0  0  0  0  0  0  0  0
  0  0  0  0  0  0  0  0  0  0  0  0  0  0  0  0
  0.595094406515   0.595354384112

   9    3    8    0 
 0213 2310 0132 2103
   2    2    0    0 
  0  0  0  0  0  0  0  0  0  0  0  0  0  0  0  0
  0  0  0  0  0  0  0  0  0  0  0  0  0  0  0  0
  0  0 -1  1  0  0  1 -1 -1  0  0  1  1 -1  0  0
  0  0  0  0  0  0  0  0  0  0  0  0  0  0  0  0
  0.595094406515   0.595354384112

   4    6    4    2 
 1230 1230 0132 3201
   0    0    2    0 
  0  1 -1  0  0  0  0  0  0  0  0  0  1 -1  0  0
  0  0  0  0  0  0  0  0  0  0  0  0  0  0  0  0
  0 -4  3  1  0  0  0  0  0  0  0  0 -3  3  0  0
  0  0  0  0  0  0  0  0  0  0  0  0  0  0  0  0
  0.504331954888   0.538167834164

   5    3    1    3 
 2031 3012 2310 0132
   0    0    0    2 
  0 -1  0  1  0  0  0  0  0  0  0  0 -1  0  1  0
  0  0  0  0  0  0  0  0  0  0  0  0  0  0  0  0
  0  3  0 -3  0  0  0  0  0  0  0  0  1  0 -1  0
  0  0  0  0  0  0  0  0  0  0  0  0  0  0  0  0
  0.504331954888   0.538167834164

   0    6    4    0 
 1230 0321 1302 0132
   0    2    1    0 
  0  1  0 -1  0  0  1 -1 -1  0  0  1  1 -1  0  0
  0  0  0  0  0  0  0  0  0  0  0  0  0  0  0  0
  0 -3  0  3 -1  0 -1  2  1  1  0 -2 -4  4  0  0
  0  0  0  0  0  0  0  0  0  0  0  0  0  0  0  0
  0.925943326746   1.005335969562

   7    7    3    5 
 0321 3120 3012 0321
   0    0    1    2 
  0  0  1 -1  0  0 -1  1  0  0  0  0  0  0  0  0
  0  0  0  0  0  0  0  0  0  0  0  0  0  0  0  0
  0  0 -3  3  0  0  4 -4  1  0  0 -1  0  0  0  0
  0  0  0  0  0  0  0  0  0  0  0  0  0  0  0  0
  0.504331954888   0.538167834164

   6    6    1    0 
 0321 3120 0132 1230
   2    2    1    0 
  0  0 -1  1  0  0  0  0  0  0  0  0  0  0  0  0
  0  0  0  0  0  0  0  0  0  0  0  0  0  0  0  0
  0  0  1 -1  0  0  0  0 -1  0  0  1  0  0  0  0
  0  0  0  0  0  0  0  0  0  0  0  0  0  0  0  0
  0.504331954888   0.538167834164

   9    1    9    2 
 2031 1023 0213 0132
   2    2    0    0 
  0  0  0  0  0  0  0  0  0  0  0  0  0  0  0  0
  0  0  0  0  0  0  0  0  0  0  0  0  0  0  0  0
  0  0 -1  1  1  0  0 -1  0  0  0  0  1  0 -1  0
  0  0  0  0  0  0  0  0  0  0  0  0  0  0  0  0
  0.052601716559   1.609840864934

   2    8    8    1 
 0213 0213 1302 1302
   2    0    2    0 
  0  0  0  0  0  0  0  0  0  0  0  0  0  0  0  0
  0  0  0  0  0  0  0  0  0  0  0  0  0  0  0  0
  0  1 -1  0  1  0 -1  0  0  0  0  0 -1  1  0  0
  0  0  0  0  0  0  0  0  0  0  0  0  0  0  0  0
  0.979724545923   0.620516908268

