% Triangulation
newlinks/L309013
geometric_solution  5.33348957
oriented_manifold
CS_unknown

3 0
    torus   0.000000000000   0.000000000000
    torus   0.000000000000   0.000000000000
    torus   0.000000000000   0.000000000000

6
   2    4    5    3 
 3201 3120 1230 3201
   0    0    1    2 
  0  1 -1  0  1  0 -1  0 -1  0  0  1  0  2 -2  0
  0  0  0  0  0  0  0  0  0  0  0  0  0  0  0  0
  0 -2  2  0 -2  0  3 -1  2  0  0 -2  0 -1  1  0
  0  0  0  0  0  0  0  0  0  0  0  0  0  0  0  0
  1.500000000000   1.322875655532

   4    5    2    3 
 0321 0132 1302 1302
   2    0    1    0 
  0 -1  0  1  0  0 -1  1  0  0  0  0 -1  1  0  0
  0  0  0  0  0  0  0  0  0  0  0  0  0  0  0  0
  0  1  0 -1  0  0  3 -3  0  1  0 -1  3 -3  0  0
  0  0  0  0  0  0  0  0  0  0  0  0  0  0  0  0
  0.625000000000   0.330718913883

   1    5    3    0 
 2031 3012 0132 2310
   1    2    0    0 
  0  0 -1  1  0  0  0  0  0  1  0 -1  1  0 -1  0
  0  0  0  0  0  0  0  0  0  0  0  0  0  0  0  0
  0 -1  3 -2  0  0  0  0  0 -2  0  2 -3  0  3  0
  0  0  0  0  0  0  0  0  0  0  0  0  0  0  0  0
  0.250000000000   0.661437827766

   4    0    1    2 
 2031 2310 2031 0132
   1    2    0    0 
  0 -1  0  1  1  0 -1  0 -1  0  0  1  1  0 -1  0
  0  0  0  0  0  0  0  0  0  0  0  0  0  0  0  0
  0  2  1 -3 -1  0  1  0  2  1  0 -3 -3  0  3  0
  0  0  0  0  0  0  0  0  0  0  0  0  0  0  0  0
  0.250000000000   0.661437827766

   1    0    3    5 
 0321 3120 1302 0132
   2    0    1    0 
  0 -2 -1  3  1  0 -1  0  0  0  0  0  0 -1  1  0
  0  0  0  0  0  0  0  0  0  0  0  0  0  0  0  0
  0  1  1 -2 -3  0  3  0  0  0  0  0  0  2 -2  0
  0  0  0  0  0  0  0  0  0  0  0  0  0  0  0  0
  0.500000000000   1.322875655532

   2    1    4    0 
 1230 0132 0132 3012
   2    0    0    1 
  0  1 -3  2 -1  0  0  1  0 -1  0  1  0  0  0  0
  0  0  0  0  0  0  0  0  0  0  0  0  0  0  0  0
  0 -1  2 -1  2  0  0 -2  0  3  0 -3  1 -1  0  0
  0  0  0  0  0  0  0  0  0  0  0  0  0  0  0  0
  0.750000000000   0.661437827766

