% Triangulation
newlinks/L309001
geometric_solution  10.74025767
oriented_manifold
CS_unknown

3 0
    torus   0.000000000000  -0.000000000000
    torus   0.000000000000  -0.000000000000
    torus   0.000000000000  -0.000000000000

12
   5    7    6   10 
 1302 0132 1302 3201
   0    1    0    2 
  0  1  0 -1 -1  0  1  0  0  0  0  0  0  1 -1  0
  0  0  0  0  0  0  0  0  0  0  0  0  0  0  0  0
  0 -4  0  4  1  0 -2  1 -1  0  0  1 -1 -1  2  0
  0  0  0  0  0  0  0  0  0  0  0  0  0  0  0  0
  0.211833970589   0.931946299885

   4    6    5    7 
 0213 1302 1302 0132
   0    1    0    2 
  0  1 -1  0  0  0  1 -1  0  0  0  0  0  0  0  0
  0  0  0  0  0  0  0  0  0  0  0  0  0  0  0  0
  0 -3  3  0  0  0 -1  1  0  0  0  0  0 -1  1  0
  0  0  0  0  0  0  0  0  0  0  0  0  0  0  0  0
  0.731651023225   1.159544528068

   6    9   10    5 
 2031 3120 1023 0132
   0    0    1    0 
  0  0  0  0 -1  0  0  1  0  0  0  0 -1  1  0  0
  0  0  0  0  0  0  0  0  0  0  0  0  0  0  0  0
  0  0 -1  1  4  0 -1 -3  0  0  0  0  3 -3  0  0
  0  0  0  0  0  0  0  0  0  0  0  0  0  0  0  0
  0.841302404322   1.348712487530

   8    8    4   11 
 3012 0132 0132 1023
   0    0    0    1 
  0  0  0  0  0  0  0  0  0  0  0  0  0  0  0  0
  0  0  0  0  0  0  0  0  0  0  0  0  0  0  0  0
  0  0  0  0  0  0  0  0  0  0  0  0  0 -1  1  0
  0  0  0  0  0  0  0  0  0  0  0  0  0  0  0  0
  0.399039274733   0.410369117901

   1    7    5    3 
 0213 3012 0132 0132
   0    0    1    2 
  0  0  0  0  0  0  0  0  0  0  0  0  0  0  0  0
  0  0  0  0  0  0  0  0  0  0  0  0  0  0  0  0
  0  0  0  0  0  0  0  0  0  1  0 -1  0  0  0  0
  0  0  0  0  0  0  0  0  0  0  0  0  0  0  0  0
  0.202584519049   0.533963682712

   1    0    2    4 
 2031 2031 0132 0132
   0    0    2    1 
  0  0  0  0  1  0 -1  0  0  0  0  0 -1  1  0  0
  0  0  0  0  0  0  0  0  0  0  0  0  0  0  0  0
  0  1 -1  0 -3  0  3  0 -1  1  0  0  1 -1  0  0
  0  0  0  0  0  0  0  0  0  0  0  0  0  0  0  0
  0.869129684964   1.164000442596

   0    7    2    1 
 2031 0321 1302 2031
   0    0    2    1 
  0 -1  1  0  0  0  1 -1  1 -1  0  0 -1  1  0  0
  0  0  0  0  0  0  0  0  0  0  0  0  0  0  0  0
  0  4 -4  0  0  0 -3  3 -2  1  0  1  2 -2  0  0
  0  0  0  0  0  0  0  0  0  0  0  0  0  0  0  0
  0.189437781290   0.818566723617

   4    0    1    6 
 1230 0132 0132 0321
   0    1    2    0 
  0 -1  0  1  0  0  1 -1  0 -1  0  1  0  0  0  0
  0  0  0  0  0  0  0  0  0  0  0  0  0  0  0  0
  0  4  0 -4 -1  0 -1  2  0  1  0 -1  0  0  0  0
  0  0  0  0  0  0  0  0  0  0  0  0  0  0  0  0
 -0.389205736071   0.616826010253

  11    3    9    3 
 0132 0132 3120 1230
   0    0    1    0 
  0  0  0  0  0  0  0  0  0  0  0  0  0  0  0  0
  0  0  0  0  0  0  0  0  0  0  0  0  0  0  0  0
  0  0  0  0  0  0  0  0 -1  1  0  0  1  0 -1  0
  0  0  0  0  0  0  0  0  0  0  0  0  0  0  0  0
 -0.217937903743   1.252518573644

  11    2    8   10 
 1230 3120 3120 3120
   0    0    1    0 
  0 -1  0  1  0  0  0  0  0  0  0  0  0  0  0  0
  0  0  0  0  0  0  0  0  0  0  0  0  0  0  0  0
  0  3  1 -4 -1  0  0  1  0  0  0  0  0  0  0  0
  0  0  0  0  0  0  0  0  0  0  0  0  0  0  0  0
  1.303367943693   1.798461118322

   9    0    2   11 
 3120 2310 1023 0132
   0    0    1    0 
  0  0  0  0  0  0  0  0  0  0  0  0 -1  1  0  0
  0  0  0  0  0  0  0  0  0  0  0  0  0  0  0  0
  0 -1  1  0 -1  0  1  0  0 -1  0  1  4 -4  0  0
  0  0  0  0  0  0  0  0  0  0  0  0  0  0  0  0
  0.242415308527   1.361589609686

   8    9   10    3 
 0132 3012 0132 1023
   0    0    0    1 
  0  0  0  0  0  0  0  0  0  0  0  0  0  0  0  0
  0  0  0  0  0  0  0  0  0  0  0  0  0  0  0  0
  0  0  0  0  0  0  0  0 -1  1  0  0  1  0 -1  0
  0  0  0  0  0  0  0  0  0  0  0  0  0  0  0  0
  0.566098226033   0.772701697215

