% Triangulation
newlinks/L310024
geometric_solution  8.92931782
oriented_manifold
CS_unknown

3 0
    torus   0.000000000000  -0.000000000000
    torus   0.000000000000  -0.000000000000
    torus   0.000000000000  -0.000000000000

10
   2    9    1    5 
 1302 2103 0132 1302
   1    0    1    2 
  0  0  0  0  1  0 -1  0  0  0  0  0  0  1 -1  0
  0  0  0  0  0  0  0  0  0  0  0  0  0  0  0  0
  0  0  0  0  1  0  0 -1 -1  0  0  1 -1  0  1  0
  0  0  0  0  0  0  0  0  0  0  0  0  0  0  0  0
  0.937564897081   0.715690996786

   4    6    2    0 
 0213 0213 0321 0132
   1    0    2    0 
  0  0  0  0 -1  0  0  1 -1  0  0  1  0  0  0  0
  0  0  0  0  0  0  0  0  0  0  0  0  0  0  0  0
  0  0  0  0  0  0  0  0  1  0  0 -1  0  0  0  0
  0  0  0  0  0  0  0  0  0  0  0  0  0  0  0  0
  1.294877256151   0.872271625461

   3    0    1    6 
 0132 2031 0321 2310
   1    0    2    0 
  0  0  0  0  0  0  0  0  0  0  0  0  1 -1  0  0
  0  0  0  0  0  0  0  0  0  0  0  0  0  0  0  0
  0  1  0 -1  1  0  0 -1 -1  1  0  0  1 -1  0  0
  0  0  0  0  0  0  0  0  0  0  0  0  0  0  0  0
  0.652189615220   1.028852254137

   2    8    5    4 
 0132 0132 1302 0321
   1    0    0    2 
  0  0  1 -1  0  0  0  0 -1  0  0  1  0  0  0  0
  0  0  0  0  0  0  0  0  0  0  0  0  0  0  0  0
  0  0  3 -3 -1  0  1  0 -1  0  0  1  1  0 -1  0
  0  0  0  0  0  0  0  0  0  0  0  0  0  0  0  0
  0.560486031880   0.693348876265

   1    3    5    8 
 0213 0321 0213 1230
   1    2    0    0 
  0  1  0 -1  1  0 -1  0  1 -1  0  0  0  0  0  0
  0  0  0  0  0  0  0  0  0  0  0  0  0  0  0  0
  0  3 -1 -2 -1  0  1  0  0 -1  0  1  0  0  0  0
  0  0  0  0  0  0  0  0  0  0  0  0  0  0  0  0
 -0.347810384780   1.028852254137

   3    4    0    7 
 2031 0213 2031 2310
   1    1    2    0 
  0  0  0  0 -1  0  0  1  0  1  0 -1  0  0  0  0
  0  0  0  0  0  0  0  0  0  0  0  0  0  0  0  0
  0  1 -1  0 -3  0  0  3  1 -1  0  0 -1  0  1  0
  0  0  0  0  0  0  0  0  0  0  0  0  0  0  0  0
  0.120972063761   1.386697752530

   2    8    1    7 
 3201 0213 0213 0132
   1    2    1    0 
  0  0  0  0  0  0  0  0  0  1  0 -1  0  0  0  0
  0  0  0  0  0  0  0  0  0  0  0  0  0  0  0  0
  0  0  0  0  0  0  0  0  1  2  0 -3  1 -1  0  0
  0  0  0  0  0  0  0  0  0  0  0  0  0  0  0  0
  1.120972063761   1.386697752530

   5    9    6    9 
 3201 0321 0132 2310
   1    2    1    1 
  0  0  0  0  1  0  0 -1  0  0  0  0 -1  0  1  0
  0  0  0  0  0  0  0  0  0  0  0  0  0  0  0  0
  0  0  0  0  0  0  0  0  0  0  0  0 -3  0  3  0
  0  0  0  0  0  0  0  0  0  0  0  0  0  0  0  0
  0.326094807610   0.514426127068

   4    3    6    9 
 3012 0132 0213 0132
   1    1    2    0 
  0  0  0  0  1  0 -1  0  0  0  0  0  0  0  0  0
  0  0  0  0  0  0  0  0  0  0  0  0  0  0  0  0
  0  0  0  0  2  0 -2  0  0  0  0  0 -1  0  1  0
  0  0  0  0  0  0  0  0  0  0  0  0  0  0  0  0
 -0.062435102919   0.715690996786

   7    0    8    7 
 3201 2103 0132 0321
   1    1    1    2 
  0  0  0  0  0  0  0  0  0  0  0  0  1 -1  0  0
  0  0  0  0  0  0  0  0  0  0  0  0  0  0  0  0
  0  0  0  0  0  0  0  0  0  0  0  0  0  0  0  0
  0  0  0  0  0  0  0  0  0  0  0  0  0  0  0  0
  0.120972063761   1.386697752530

