% Triangulation
newlinks/L310010
geometric_solution  14.32376002
oriented_manifold
CS_unknown

3 0
    torus   0.000000000000  -0.000000000000
    torus   0.000000000000  -0.000000000000
    torus   0.000000000000  -0.000000000000

15
  12   14   14    4 
 0321 3012 0132 1023
   2    0    0    1 
  0  0  0  0  0  0  0  0  0  0  0  0  0  1 -1  0
  0  0  0  0  0  0  0  0  0  0  0  0  0  0  0  0
  0 -1  1  0  0  0  0  0  0 -1  0  1 -1  0  1  0
  0  0  0  0  0  0  0  0  0  0  0  0  0  0  0  0
  0.525095082497   0.736671298309

  12    2    9   14 
 1302 0132 0132 0132
   2    0    2    0 
  0 -1  1  0  0  0  0  0  0  0  0  0  0  0  0  0
  0  0  0  0  0  0  0  0  0  0  0  0  0  0  0  0
  0  3 -2 -1  0  0 -1  1  0  0  0  0  0  0  0  0
  0  0  0  0  0  0  0  0  0  0  0  0  0  0  0  0
  0.714382176880   0.732007715495

   7    1    5    3 
 0321 0132 1302 2310
   2    2    0    2 
  0  1  0 -1  0  0  0  0  0  0  0  0  0  0  0  0
  0  0  0  0  0  0  0  0  0  0  0  0  0  0  0  0
  0 -3  0  3  1  0 -1  0  0  0  0  0  0  0  0  0
  0  0  0  0  0  0  0  0  0  0  0  0  0  0  0  0
  0.862582847005   1.172506568048

   2    6    8    7 
 3201 1023 1302 3201
   2    0    2    2 
  0  0  0  0  0  0  0  0  1 -1  0  0  0  0  0  0
  0  0  0  0  0  0  0  0  0  0  0  0  0  0  0  0
  0  1  0 -1  0  0  1 -1 -3  3  0  0  0  0  0  0
  0  0  0  0  0  0  0  0  0  0  0  0  0  0  0  0
  0.648200670125   0.440498852553

  13    9    5    0 
 2031 1023 0132 1023
   0    2    0    2 
  0  0  0  0  0  0  0  0  0  0  0  0  0  0  0  0
  0  0  0  0  0  0  0  0  0  0  0  0  0  0  0  0
  0  0  0  0  0  0  0  0  0  1  0 -1  1  0 -1  0
  0  0  0  0  0  0  0  0  0  0  0  0  0  0  0  0
  0.714382176880   0.732007715495

   2    6   10    4 
 2031 0213 1023 0132
   0    2    2    2 
  0  0  0  0  0  0  0  0  0  0  0  0  0 -1  1  0
  0  0  0  0  0  0  0  0  0  0  0  0  0  0  0  0
  0  0  0  0  0  0  0  0  0 -1  0  1  1  2 -3  0
  0  0  0  0  0  0  0  0  0  0  0  0  0  0  0  0
  0.862582847005   1.172506568048

   3   11    5   10 
 1023 2103 0213 1230
   0    2    2    2 
  0  0  0  0  0  0  0  0  1  0  0 -1  0 -1  1  0
  0  0  0  0  0  0  0  0  0  0  0  0  0  0  0  0
  0 -1  0  1 -1  0  1  0 -3  0  0  3  0  2 -2  0
  0  0  0  0  0  0  0  0  0  0  0  0  0  0  0  0
 -0.055351899974   0.717187319305

   2    3    8    9 
 0321 2310 0132 0321
   2    2    0    2 
  0  0  1 -1  0  0  0  0  0  0  0  0  0  0  0  0
  0  0  0  0  0  0  0  0  0  0  0  0  0  0  0  0
  0  0 -2  2  0  0  0  0  0  1  0 -1 -1  1  0  0
  0  0  0  0  0  0  0  0  0  0  0  0  0  0  0  0
  0.553488211938   0.693039757486

   3   11   11    7 
 2031 3012 0132 0132
   2    2    2    0 
  0  1  0 -1  0  0  0  0  0  0  0  0  0  1 -1  0
  0  0  0  0  0  0  0  0  0  0  0  0  0  0  0  0
  0 -2  0  2  0  0  0  0  0  0  0  0 -1 -3  4  0
  0  0  0  0  0  0  0  0  0  0  0  0  0  0  0  0
  0.106976423876   1.386079514972

   4    7   10    1 
 1023 0321 0132 0132
   2    0    0    2 
  0  1  0 -1  0  0  0  0  0  0  0  0  0  0  0  0
  0  0  0  0  0  0  0  0  0  0  0  0  0  0  0  0
  0 -2  0  2  0  0 -1  1 -1  1  0  0  0  0  0  0
  0  0  0  0  0  0  0  0  0  0  0  0  0  0  0  0
  0.711381526585   0.488949057449

   6   11    5    9 
 3012 0213 1023 0132
   2    0    2    2 
  0  0  0  0  0  0  0  0  0  0  0  0  1  0 -1  0
  0  0  0  0  0  0  0  0  0  0  0  0  0  0  0  0
  0  0  0  0 -1  0  0  1  0  0  0  0 -3  0  3  0
  0  0  0  0  0  0  0  0  0  0  0  0  0  0  0  0
  0.296401340250   0.880997705107

   8    6   10    8 
 1230 2103 0213 0132
   2    2    0    2 
  0  0  0  0  0  0  0  0 -1  0  0  1 -1  1  0  0
  0  0  0  0  0  0  0  0  0  0  0  0  0  0  0  0
  0  0  0  0  0  0  0  0  3  1  0 -4  2 -2  0  0
  0  0  0  0  0  0  0  0  0  0  0  0  0  0  0  0
  0.106976423876   1.386079514972

   0    1   13   13 
 0321 2031 0213 1230
   2    1    0    0 
  0  0  0  0  0  0  0  0  0  0  0  0  0  0  0  0
  0  0  0  0  0  0  0  0  0  0  0  0  0  0  0  0
  0  0  0  0  1  0  0 -1  0  0  0  0  0  0  0  0
  0  0  0  0  0  0  0  0  0  0  0  0  0  0  0  0
  0.358395624396   0.900125604165

  12   12    4   14 
 3012 0213 1302 0321
   2    2    1    0 
  0  0  0  0  0  0  0  0  0  0  0  0  0  0  0  0
  0  0  0  0  0  0  0  0  0  0  0  0  0  0  0  0
  0  0  0  0  0  0 -1  1  1  0  0 -1  0  0  0  0
  0  0  0  0  0  0  0  0  0  0  0  0  0  0  0  0
  0.358395624396   0.900125604165

   0   13    1    0 
 1230 0321 0132 0132
   2    0    1    2 
  0  0  0  0  0  0  0  0 -1  0  0  1  0  0  0  0
  0  0  0  0  0  0  0  0  0  0  0  0  0  0  0  0
  0  0  1 -1  1  0 -1  0  0  1  0 -1  1 -1  0  0
  0  0  0  0  0  0  0  0  0  0  0  0  0  0  0  0
  0.525095082497   0.736671298309

