% Triangulation
newlinks/L310053
geometric_solution  7.70691180
oriented_manifold
CS_unknown

3 0
    torus   0.000000000000  -0.000000000000
    torus   0.000000000000  -0.000000000000
    torus   0.000000000000  -0.000000000000

8
   6    5    4    7 
 3120 3120 3120 3120
   1    0    1    0 
  0  0  0  0  0  0  0  0  0  0  0  0  0 -1  1  0
  0  0  0  0  0  0  0  0  0  0  0  0  0  0  0  0
  0  0  0  0 -1  0  1  0  0  1  0 -1  1  2 -3  0
  0  0  0  0  0  0  0  0  0  0  0  0  0  0  0  0
  0.061957055279   1.066584229932

   6    2    7    3 
 1023 0321 1023 1023
   0    0    1    1 
  0  0  0  0  0  0  0  0  0  0  0  0 -1  0  1  0
  0  0  0  0  0  0  0  0  0  0  0  0  0  0  0  0
  0  0  0  0  0  0  0  0  0  0  0  0  3 -1 -2  0
  0  0  0  0  0  0  0  0  0  0  0  0  0  0  0  0
  0.464947028641   0.528659344748

   5    4    4    1 
 0321 0132 1302 0321
   0    1    1    2 
  0 -1  1  0  0  0  0  0  0  0  0  0 -1 -1  2  0
  0  0  0  0  0  0  0  0  0  0  0  0  0  0  0  0
  0  3 -3  0  0  0 -1  1 -1  1  0  0  1  0 -1  0
  0  0  0  0  0  0  0  0  0  0  0  0  0  0  0  0
  0.561957055279   1.066584229932

   5    5    4    1 
 2031 0321 0132 1023
   0    0    1    2 
  0  0  0  0  1  0 -1  0  0  0  0  0  0  1 -1  0
  0  0  0  0  0  0  0  0  0  0  0  0  0  0  0  0
  0  0  0  0 -2  0  2  0  0  0  0  0  0 -1  1  0
  0  0  0  0  0  0  0  0  0  0  0  0  0  0  0  0
  0.613349412879   0.733855754355

   2    2    0    3 
 2031 0132 3120 0132
   0    0    2    1 
  0  1 -1  0 -1  0  0  1 -2  1  0  1  0  0  0  0
  0  0  0  0  0  0  0  0  0  0  0  0  0  0  0  0
  0 -3  3  0  3  0 -1 -2  1  0  0 -1  1 -1  0  0
  0  0  0  0  0  0  0  0  0  0  0  0  0  0  0  0
  0.613349412879   0.733855754355

   2    0    3    3 
 0321 3120 1302 0321
   0    2    1    1 
  0  1 -1  0  1  0  0 -1  0  0  0  0  0  0  0  0
  0  0  0  0  0  0  0  0  0  0  0  0  0  0  0  0
  0 -2  2  0 -1  0  0  1  1 -1  0  0  0  0  0  0
  0  0  0  0  0  0  0  0  0  0  0  0  0  0  0  0
  0.613349412879   0.733855754355

   7    1    7    0 
 1023 1023 0132 3120
   0    0    1    1 
  0  0  0  0  0  0  0  0  0  0  0  0 -1  1  0  0
  0  0  0  0  0  0  0  0  0  0  0  0  0  0  0  0
  0  0  1 -1 -1  0  0  1  0  0  0  0  2 -3  1  0
  0  0  0  0  0  0  0  0  0  0  0  0  0  0  0  0
  0.226698825758   1.467711508710

   0    6    1    6 
 3120 1023 1023 0132
   0    0    1    1 
  0  0  0  0  0  0  0  0  0  0  0  0  0  1 -1  0
  0  0  0  0  0  0  0  0  0  0  0  0  0  0  0  0
  0  1  0 -1  0  0  0  0  1  0  0 -1  0 -2  2  0
  0  0  0  0  0  0  0  0  0  0  0  0  0  0  0  0
  0.226698825758   1.467711508710

