% Triangulation
newlinks/L310009
geometric_solution  10.14941606
oriented_manifold
CS_unknown

3 0
    torus   0.000000000000  -0.000000000000
    torus   0.000000000000  -0.000000000000
    torus   0.000000000000  -0.000000000000

10
   3    7    1    6 
 1023 1302 0132 0132
   2    2    0    0 
  0  0 -1  1  1  0  0 -1 -1  0  0  1  0  0  0  0
  0  0  0  0  0  0  0  0  0  0  0  0  0  0  0  0
  0  0 -1  1  0  0  1 -1 -2  1  0  1  1  0 -1  0
  0  0  0  0  0  0  0  0  0  0  0  0  0  0  0  0
  0.500000000000   0.866025403784

   8    8    2    0 
 2031 0321 0321 0132
   2    2    0    1 
  0  0 -1  1  0  0  0  0  0  0  0  0  0  0  0  0
  0  0  0  0  0  0  0  0  0  0  0  0  0  0  0  0
  0 -1  0  1  1  0  0 -1  0 -1  0  1  0  1 -1  0
  0  0  0  0  0  0  0  0  0  0  0  0  0  0  0  0
  0.500000000000   0.866025403784

   3    4    1    3 
 3120 0213 0321 0132
   2    1    0    2 
  0  0  1 -1  0  0  0  0  1  0  0 -1  0  0  0  0
  0  0  0  0  0  0  0  0  0  0  0  0  0  0  0  0
  0  0  0  0 -1  0  1  0  2  0  0 -2  0  0  0  0
  0  0  0  0  0  0  0  0  0  0  0  0  0  0  0  0
  0.500000000000   0.866025403784

   9    0    2    2 
 2310 1023 0132 3120
   2    1    0    0 
  0 -1  1  0  0  0  0  0  0  1  0 -1 -1  0  1  0
  0  0  0  0  0  0  0  0  0  0  0  0  0  0  0  0
  0  0  0  0 -1  0  0  1  0  2  0 -2 -1 -1  2  0
  0  0  0  0  0  0  0  0  0  0  0  0  0  0  0  0
  0.500000000000   0.866025403784

   9    5    2    8 
 3012 0213 0213 0321
   2    0    0    2 
  0  0  0  0  0  0  0  0  0  0  0  0  0  0  0  0
  0  0  0  0  0  0  0  0  0  0  0  0  0  0  0  0
  0  0  0  0  0  0  0  0  0  0  0  0  0  0  0  0
  0  0  0  0  0  0  0  0  0  0  0  0  0  0  0  0
  0.500000000000   0.866025403784

   7    6    4    7 
 2031 0321 0213 1230
   2    0    1    2 
  0  0  0  0  0  0  0  0  0  0  0  0  0  0  0  0
  0  0  0  0  0  0  0  0  0  0  0  0  0  0  0  0
  0  0  0  0  0  0  0  0  0  1  0 -1  0  0  0  0
  0  0  0  0  0  0  0  0  0  0  0  0  0  0  0  0
  0.500000000000   0.866025403784

   9    9    0    5 
 1230 2031 0132 0321
   2    2    1    0 
  0  1 -1  0 -1  0  1  0 -1  1  0  0  1  0 -1  0
  0  0  0  0  0  0  0  0  0  0  0  0  0  0  0  0
  0  1 -1  0 -1  0  1  0 -5  6  0 -1  1  0 -1  0
  0  0  0  0  0  0  0  0  0  0  0  0  0  0  0  0
  0.500000000000   0.866025403784

   5    8    5    0 
 3012 2031 1302 2031
   0    2    0    1 
  0  0  0  0  0  0  0  0  0  0  0  0  0  0  0  0
  0  0  0  0  0  0  0  0  0  0  0  0  0  0  0  0
  0  1  0 -1  0  0  0  0  0  0  0  0  1 -1  0  0
  0  0  0  0  0  0  0  0  0  0  0  0  0  0  0  0
  0.500000000000   0.866025403784

   7    4    1    1 
 1302 0321 1302 0321
   2    1    0    0 
  0  0  0  0  0  0  0  0  0  0  0  0  0  0  0  0
  0  0  0  0  0  0  0  0  0  0  0  0  0  0  0  0
  0  0 -1  1  1  0  0 -1 -1  0  0  1  0  0  0  0
  0  0  0  0  0  0  0  0  0  0  0  0  0  0  0  0
  0.500000000000   0.866025403784

   6    6    3    4 
 1302 3012 3201 1230
   0    0    2    1 
  0 -1  1  0  0  0  0  0 -1  1  0  0 -1  1  0  0
  0  0  0  0  0  0  0  0  0  0  0  0  0  0  0  0
  0 -1  1  0  0  0  0  0 -1  1  0  0 -6  5  1  0
  0  0  0  0  0  0  0  0  0  0  0  0  0  0  0  0
  0.500000000000   0.866025403784

