% Triangulation
newlinks/L310059
geometric_solution  8.79334560
oriented_manifold
CS_unknown

3 0
    torus   0.000000000000  -0.000000000000
    torus   0.000000000000  -0.000000000000
    torus   0.000000000000  -0.000000000000

9
   3    2    1    1 
 0213 1230 0132 2031
   1    1    0    1 
  0  0  0  0  0  0  0  0  0  0  0  0  0  0  0  0
  0  0  0  0  0  0  0  0  0  0  0  0  0  0  0  0
  0  1  0 -1  0  0  0  0  0 -1  0  1 -1  0  1  0
  0  0  0  0  0  0  0  0  0  0  0  0  0  0  0  0
  0.148192048176   0.911292162005

   4    0    2    0 
 3120 1302 0132 0132
   1    1    1    0 
  0  0  0  0  0  0  0  0  0  0  0  0 -1  0  1  0
  0  0  0  0  0  0  0  0  0  0  0  0  0  0  0  0
  0  0  0  0  1  0 -1  0  0  1  0 -1  2 -1 -1  0
  0  0  0  0  0  0  0  0  0  0  0  0  0  0  0  0
  0.826150206163   1.069071899876

   3    4    0    1 
 3201 2103 3012 0132
   1    1    0    0 
  0  0  0  0  0  0  0  0  1  0  0 -1  0  0  0  0
  0  0  0  0  0  0  0  0  0  0  0  0  0  0  0  0
  0  0  0  0  0  0 -1  1 -1  0  0  1  0 -1  1  0
  0  0  0  0  0  0  0  0  0  0  0  0  0  0  0  0
 -0.043315430435   0.641199658057

   0    7    5    2 
 0213 0213 0132 2310
   0    0    1    1 
  0  0  1 -1  0  0  0  0  0  0  0  0  0 -1  1  0
  0  0  0  0  0  0  0  0  0  0  0  0  0  0  0  0
  0  1 -2  1  0  0  0  0  0  0  0  0  1  1 -2  0
  0  0  0  0  0  0  0  0  0  0  0  0  0  0  0  0
  0.326150206163   1.069071899876

   8    2    6    1 
 1302 2103 0132 3120
   0    1    1    0 
  0  0 -1  1  0  0  0  0  0  0  0  0  0  0  0  0
  0  0  0  0  0  0  0  0  0  0  0  0  0  0  0  0
  0  0  2 -2  0  0  1 -1  0  0  0  0  0  1 -1  0
  0  0  0  0  0  0  0  0  0  0  0  0  0  0  0  0
  0.421950371054   0.669430025744

   8    8    6    3 
 3201 2031 0213 0132
   0    0    1    2 
  0  0  1 -1  0  0  0  0  0  1  0 -1  0 -1  1  0
  0  0  0  0  0  0  0  0  0  0  0  0  0  0  0  0
  0  0 -2  2  0  0  0  0  0 -2  0  2  0  1 -1  0
  0  0  0  0  0  0  0  0  0  0  0  0  0  0  0  0
  0.557452823154   0.966839840372

   7    5    7    4 
 1302 0213 0132 0132
   0    1    0    2 
  0 -1  0  1  1  0 -1  0  0  0  0  0  0 -1  1  0
  0  0  0  0  0  0  0  0  0  0  0  0  0  0  0  0
  0  2  0 -2 -1  0  2 -1 -1  0  0  1  1  1 -2  0
  0  0  0  0  0  0  0  0  0  0  0  0  0  0  0  0
  0.552438308870   0.776245910031

   8    6    3    6 
 2310 2031 0213 0132
   0    1    2    1 
  0  0  0  0 -1  0  0  1  1  0  0 -1  0 -1  1  0
  0  0  0  0  0  0  0  0  0  0  0  0  0  0  0  0
  0  1 -1  0  2  0  0 -2 -1 -1  0  2  0  1 -1  0
  0  0  0  0  0  0  0  0  0  0  0  0  0  0  0  0
  0.552438308870   0.776245910031

   5    4    7    5 
 1302 2031 3201 2310
   1    2    0    1 
  0  0  0  0  1  0 -1  0  0  0  0  0 -1  0  1  0
  0  0  0  0  0  0  0  0  0  0  0  0  0  0  0  0
  0  0  0  0 -1  0  1  0  0  0  0  0  2  0 -2  0
  0  0  0  0  0  0  0  0  0  0  0  0  0  0  0  0
  0.391417387864   0.855135778966

