% Triangulation
newlinks/L310021
geometric_solution  11.86661207
oriented_manifold
CS_unknown

3 0
    torus   0.000000000000  -0.000000000000
    torus   0.000000000000  -0.000000000000
    torus   0.000000000000  -0.000000000000

12
   2    2    1    3 
 2031 1023 0132 1230
   1    2    1    1 
  0  0  0  0  1  0  0 -1  0  0  0  0  0  0  0  0
  0  0  0  0  0  0  0  0  0  0  0  0  0  0  0  0
  0  0  0  0 -1  0  1  0  1  0  0 -1  1 -1  0  0
  0  0  0  0  0  0  0  0  0  0  0  0  0  0  0  0
  0.584129780362   0.619554271453

   5    6    5    0 
 0132 3120 3012 0132
   1    2    1    0 
  0  0  0  0  0  0  0  0  0  0  0  0  0  0  0  0
  0  0  0  0  0  0  0  0  0  0  0  0  0  0  0  0
  0  0  0  0  0  0  1 -1  0  0  0  0  0  1 -1  0
  0  0  0  0  0  0  0  0  0  0  0  0  0  0  0  0
  0.584129780362   0.619554271453

   0    6    0    4 
 1023 1023 1302 1230
   2    1    1    1 
  0  0 -1  1  0  0  0  0  0  0  0  0  0  0  0  0
  0  0  0  0  0  0  0  0  0  0  0  0  0  0  0  0
  0  0  1 -1  0  0 -1  1  0  0  0  0  1  0 -1  0
  0  0  0  0  0  0  0  0  0  0  0  0  0  0  0  0
  0.194364974576   0.854492679562

   0    7    9   10 
 3012 0132 1302 0132
   2    1    2    1 
  0  0  0  0  0  0  1 -1  1 -1  0  0  0  0  0  0
  0  0  0  0  0  0  0  0  0  0  0  0  0  0  0  0
  0  0  0  0  0  0  2 -2  0  0  0  0  1  0 -1  0
  0  0  0  0  0  0  0  0  0  0  0  0  0  0  0  0
  0.336842405578   1.056417244651

   2   11    8    5 
 3012 0213 0213 0132
   2    2    1    1 
  0  0  0  0 -1  0  1  0  0  0  0  0  0  0  0  0
  0  0  0  0  0  0  0  0  0  0  0  0  0  0  0  0
  0  0  1 -1  1  0 -1  0 -1  1  0  0  0  0  0  0
  0  0  0  0  0  0  0  0  0  0  0  0  0  0  0  0
  0.426249877557   0.679020680710

   1    1    4   10 
 0132 1230 0132 0321
   2    2    0    1 
  0  0  0  0  0  0  0  0  0  0  0  0  0  0  0  0
  0  0  0  0  0  0  0  0  0  0  0  0  0  0  0  0
  0 -1  1  0  0  0  0  0  0  1  0 -1  0  0  0  0
  0  0  0  0  0  0  0  0  0  0  0  0  0  0  0  0
  0.746899343841   1.112714152084

   2    1    7    7 
 1023 3120 1302 1023
   0    2    1    1 
  0  0  0  0  0  0  0  0  0  0  0  0  0  0  0  0
  0  0  0  0  0  0  0  0  0  0  0  0  0  0  0  0
  0 -1  1  0  0  0  0  0  0  0  0  0  0  0  0  0
  0  0  0  0  0  0  0  0  0  0  0  0  0  0  0  0
  0.746899343841   1.112714152084

   6    3    8    6 
 2031 0132 0132 1023
   2    0    1    2 
  0  0  0  0  0  0  0  0  0  0  0  0  0  1 -1  0
  0  0  0  0  0  0  0  0  0  0  0  0  0  0  0  0
  0  0  0  0 -1  0  1  0  0  0  0  0  0  0  0  0
  0  0  0  0  0  0  0  0  0  0  0  0  0  0  0  0
  0.194364974576   0.854492679562

   9    4    9    7 
 3012 0213 1023 0132
   2    0    2    1 
  0  0  0  0  0  0  0  0  0 -1  0  1  1  0 -1  0
  0  0  0  0  0  0  0  0  0  0  0  0  0  0  0  0
  0 -1  1  0  1  0  0 -1 -1  1  0  0  3  0 -3  0
  0  0  0  0  0  0  0  0  0  0  0  0  0  0  0  0
  0.562809832877   0.981454371958

   3   11    8    8 
 2031 2031 1023 1230
   0    2    1    1 
  0  0  0  0  0  0  0  0  0  1  0 -1 -1  0  1  0
  0  0  0  0  0  0  0  0  0  0  0  0  0  0  0  0
  0  1  0 -1  0  0 -1  1  1  2  0 -3 -2 -1  3  0
  0  0  0  0  0  0  0  0  0  0  0  0  0  0  0  0
  0.378720321913   0.850194591833

  11    5    3   11 
 3120 0321 0132 0321
   2    1    0    2 
  0  0  0  0  0  0  1 -1 -1  0  0  1  0  0  0  0
  0  0  0  0  0  0  0  0  0  0  0  0  0  0  0  0
  0  0  0  0  0  0  2 -2 -1  1  0  0  0  0  0  0
  0  0  0  0  0  0  0  0  0  0  0  0  0  0  0  0
  0.560307426067   0.766756680136

   9   10    4   10 
 1302 0321 0213 3120
   2    1    0    1 
  0  0  0  0  0  0  0  0  0 -1  0  1 -1  1  0  0
  0  0  0  0  0  0  0  0  0  0  0  0  0  0  0  0
  0  0  0  0  1  0 -1  0 -1  0  0  1 -2  2  0  0
  0  0  0  0  0  0  0  0  0  0  0  0  0  0  0  0
  0.562809832877   0.981454371958

