% Triangulation
newlinks/L310066
degenerate_solution  0.00000020
oriented_manifold
CS_unknown

3 0
    torus   0.000000000000  -0.000000000000
    torus   0.000000000000  -0.000000000000
    torus   0.000000000000  -0.000000000000

6
   4    3    1    5 
 0213 3012 1230 0132
   1    0    0    2 
  0  1 -1  0  0  0  0  0  0 -1  0  1  1  1 -2  0
  0  0  0  0  0  0  0  0  0  0  0  0  0  0  0  0
  0 -4  3  1  0  0  0  0 -1  1  0  0 -2 -1  3  0
  0  0  0  0  0  0  0  0  0  0  0  0  0  0  0  0
 -0.000000000227   0.000000001891

   2    5    2    0 
 0132 2031 0132 3012
   2    1    0    0 
  0 -1 -1  2 -1  0  0  1  1 -1  0  0  0  0  0  0
  0  0  0  0  0  0  0  0  0  0  0  0  0  0  0  0
  0  1  2 -3  3  0  0 -3 -1  1  0  0  0  0  0  0
  0  0  0  0  0  0  0  0  0  0  0  0  0  0  0  0
  1.999999997629  -0.000000020341

   1    3    4    1 
 0132 2310 3012 0132
   2    1    0    0 
  0  0 -1  1  1  0 -1  0  0  0  0  0 -1  0  1  0
  0  0  0  0  0  0  0  0  0  0  0  0  0  0  0  0
  0  0  2 -2 -3  0  3  0  0  0  0  0  1  0 -1  0
  0  0  0  0  0  0  0  0  0  0  0  0  0  0  0  0
  0.500000000644   0.000000005770

   0    5    4    2 
 1230 3120 1230 3201
   0    0    2    1 
  0  0  0  0  1  0 -1  0 -1  1  0  0 -1  0  1  0
  0  0  0  0  0  0  0  0  0  0  0  0  0  0  0  0
  0 -1  1  0 -1  0  1  0  1 -1  0  0  4 -1 -3  0
  0  0  0  0  0  0  0  0  0  0  0  0  0  0  0  0
 -0.000000000227   0.000000001891

   0    2    5    3 
 0213 1230 0132 3012
   1    0    0    2 
  0  1  0 -1  0  0  0  0  0 -1  0  1 -1  1  0  0
  0  0  0  0  0  0  0  0  0  0  0  0  0  0  0  0
  0 -3  0  3  1  0  0 -1  0  1  0 -1  2 -2  0  0
  0  0  0  0  0  0  0  0  0  0  0  0  0  0  0  0
  0.999999999773   0.000000001891

   1    3    0    4 
 1302 3120 0132 0132
   1    0    2    0 
  0  0  0  0  0  0  0  0  1 -1  0  0  1  0 -1  0
  0  0  0  0  0  0  0  0  0  0  0  0  0  0  0  0
  0  1 -1  0  0  0  0  0 -1  1  0  0 -1  1  0  0
  0  0  0  0  0  0  0  0  0  0  0  0  0  0  0  0
  0.999999999773   0.000000001891

