% Triangulation
newlinks/L310015
geometric_solution  10.66697913
oriented_manifold
CS_unknown

3 0
    torus   0.000000000000  -0.000000000000
    torus   0.000000000000  -0.000000000000
    torus   0.000000000000  -0.000000000000

12
   1    4    7    5 
 3012 3012 2031 2031
   1    2    0    0 
  0  0  0  0  0  0  1 -1  0  0  0  0  0  0  0  0
  0  0  0  0  0  0  0  0  0  0  0  0  0  0  0  0
  0  0  1 -1 -1  0  0  1  0 -1  0  1  0  0  0  0
  0  0  0  0  0  0  0  0  0  0  0  0  0  0  0  0
  0.375000000000   0.330718913883

   2   11    6    0 
 0213 0132 0321 1230
   2    0    0    0 
  0  0  0  0  0  0  0  0  0  0  0  0  0  0  0  0
  0  0  0  0  0  0  0  0  0  0  0  0  0  0  0  0
  0 -1  0  1  0  0  0  0  0  0  0  0  1 -1  0  0
  0  0  0  0  0  0  0  0  0  0  0  0  0  0  0  0
 -0.500000000000   1.322875655532

   1    3    3    5 
 0213 1023 1230 2310
   1    0    0    0 
  0  0  0  0  0  0  0  0  0  0  0  0  0  0  0  0
  0  0  0  0  0  0  0  0  0  0  0  0  0  0  0  0
  0 -1  0  1  0  0  0  0  0  0  0  0 -1  1  0  0
  0  0  0  0  0  0  0  0  0  0  0  0  0  0  0  0
  0.500000000000   1.322875655532

   2   11    9    2 
 1023 2031 1302 3012
   0    1    0    0 
  0  0  0  0  0  0  0  0  0  0  0  0  0  1 -1  0
  0  0  0  0  0  0  0  0  0  0  0  0  0  0  0  0
  0  0  0  0  1  0 -1  0  0  0  0  0 -1  2 -1  0
  0  0  0  0  0  0  0  0  0  0  0  0  0  0  0  0
  0.500000000000   1.322875655532

   0   10    5    8 
 1230 0132 0132 0321
   2    0    0    1 
  0  0  1 -1  0  0 -1  1  0  0  0  0  0  0  0  0
  0  0  0  0  0  0  0  0  0  0  0  0  0  0  0  0
  0  0 -1  1  1  0 -2  1  0  1  0 -1  0  0  0  0
  0  0  0  0  0  0  0  0  0  0  0  0  0  0  0  0
  0.250000000000   0.661437827766

   2    0    6    4 
 3201 1302 0213 0132
   2    0    1    0 
  0  1  0 -1  0  0 -1  1  0  0  0  0  0  0  0  0
  0  0  0  0  0  0  0  0  0  0  0  0  0  0  0  0
  0 -1  0  1  0  0 -2  2 -1  1  0  0  0 -1  1  0
  0  0  0  0  0  0  0  0  0  0  0  0  0  0  0  0
  0.750000000000   0.661437827766

   8    5    1    7 
 0132 0213 0321 0132
   2    0    0    0 
  0  0  0  0  0  0  0  0  0  1  0 -1  0  0  0  0
  0  0  0  0  0  0  0  0  0  0  0  0  0  0  0  0
  0  0  0  0  0  0  0  0  0  2  0 -2  1 -1  0  0
  0  0  0  0  0  0  0  0  0  0  0  0  0  0  0  0
  0.750000000000   0.661437827766

  10    9    6    0 
 0321 0132 0132 1302
   2    0    1    0 
  0  1  0 -1  0  0  0  0 -1  1  0  0 -1  0  1  0
  0  0  0  0  0  0  0  0  0  0  0  0  0  0  0  0
  0  0  0  0  0  0  0  0 -2  3  0 -1 -2  0  2  0
  0  0  0  0  0  0  0  0  0  0  0  0  0  0  0  0
  0.750000000000   0.661437827766

   6    4    9   11 
 0132 0321 0132 0132
   2    0    0    0 
  0  1 -1  0  0  0  1 -1  0  0  0  0  0 -1  1  0
  0  0  0  0  0  0  0  0  0  0  0  0  0  0  0  0
  0 -1  1  0  0  0  2 -2 -1  1  0  0  0 -1  1  0
  0  0  0  0  0  0  0  0  0  0  0  0  0  0  0  0
  0.250000000000   0.661437827766

   3    7   10    8 
 2031 0132 0132 0132
   2    0    0    1 
  0 -1  0  1  0  0  1 -1  1  0  0 -1  0 -1  1  0
  0  0  0  0  0  0  0  0  0  0  0  0  0  0  0  0
  0  0  1 -1  0  0  2 -2  1  0  0 -1  1 -3  2  0
  0  0  0  0  0  0  0  0  0  0  0  0  0  0  0  0
  0.250000000000   0.661437827766

   7    4   11    9 
 0321 0132 0132 0132
   2    0    1    0 
  0  0  0  0  1  0  0 -1  1  0  0 -1  0  0  0  0
  0  0  0  0  0  0  0  0  0  0  0  0  0  0  0  0
  0  0  1 -1  2  0  0 -2  2  0  0 -2  0 -1  1  0
  0  0  0  0  0  0  0  0  0  0  0  0  0  0  0  0
 -0.500000000000   1.322875655532

   3    1    8   10 
 1302 0132 0132 0132
   2    0    0    0 
  0  0  0  0 -1  0  1  0  0  0  0  0  0  0  0  0
  0  0  0  0  0  0  0  0  0  0  0  0  0  0  0  0
  0  1  0 -1 -2  0  2  0  0  1  0 -1  0  0  0  0
  0  0  0  0  0  0  0  0  0  0  0  0  0  0  0  0
 -0.500000000000   1.322875655532

