% Triangulation
newlinks/L310045
geometric_solution  13.77553048
oriented_manifold
CS_unknown

3 0
    torus   0.000000000000   0.000000000000
    torus   0.000000000000   0.000000000000
    torus   0.000000000000   0.000000000000

14
  13    1    1    3 
 0213 0132 1302 1230
   1    2    2    0 
  0  0  1 -1  0  0  0  0 -1  0  0  1  0  1 -1  0
  0  0  0  0  0  0  0  0  0  0  0  0  0  0  0  0
  0  1  0 -1  0  0 -1  1 -1  1  0  0 -1 -1  2  0
  0  0  0  0  0  0  0  0  0  0  0  0  0  0  0  0
  0.455417606469   1.049326508055

   0    0    5    2 
 2031 0132 1023 0132
   1    1    0    2 
  0  0  0  0 -1  0  1  0  1 -1  0  0  0  0  0  0
  0  0  0  0  0  0  0  0  0  0  0  0  0  0  0  0
  0 -1  0  1  0  0  0  0 -2  1  0  1  1 -1  0  0
  0  0  0  0  0  0  0  0  0  0  0  0  0  0  0  0
  0.651952137072   0.801936164643

  13   13    1    3 
 1023 0213 0132 0132
   1    1    2    0 
  0  0  0  0  0  0  0  0  0  0  0  0  0  0  0  0
  0  0  0  0  0  0  0  0  0  0  0  0  0  0  0  0
  0  0 -1  1  0  0  0  0  0  0  0  0  1  0 -1  0
  0  0  0  0  0  0  0  0  0  0  0  0  0  0  0  0
  0.651952137072   0.801936164643

   0    4    2    6 
 3012 1023 0132 0132
   1    1    2    2 
  0  0  0  0  1  0  0 -1  0  0  0  0 -1  1  0  0
  0  0  0  0  0  0  0  0  0  0  0  0  0  0  0  0
  0  0 -1  1  1  0  0 -1 -1  1  0  0  0  0  0  0
  0  0  0  0  0  0  0  0  0  0  0  0  0  0  0  0
  0.588154705190   0.585064281743

   3   11    5    7 
 1023 1023 0132 1023
   1    1    2    2 
  0  1 -1  0  0  0  0  0  0  0  0  0 -1  1  0  0
  0  0  0  0  0  0  0  0  0  0  0  0  0  0  0  0
  0  0  0  0  0  0  0  0 -1  0  0  1  0  0  0  0
  0  0  0  0  0  0  0  0  0  0  0  0  0  0  0  0
  0.609333933891   0.891436631491

  13    6    1    4 
 3012 1023 1023 0132
   1    1    2    2 
  0  0 -1  1  0  0  0  0  1 -1  0  0  0  0  0  0
  0  0  0  0  0  0  0  0  0  0  0  0  0  0  0  0
  0  0  0  0  0  0  0  0  1 -1  0  0  0  0  0  0
  0  0  0  0  0  0  0  0  0  0  0  0  0  0  0  0
  0.588154705190   0.585064281743

   5   11    3    7 
 1023 0132 0132 0132
   1    1    2    2 
  0  0  0  0  0  0  1 -1  1  0  0 -1  0  0  0  0
  0  0  0  0  0  0  0  0  0  0  0  0  0  0  0  0
  0  1 -1  0  0  0  1 -1  1  0  0 -1  0  0  0  0
  0  0  0  0  0  0  0  0  0  0  0  0  0  0  0  0
  0.609333933891   0.891436631491

  10    9    6    4 
 0132 0321 0132 1023
   1    1    2    2 
  0  0  0  0 -1  0  1  0  0  0  0  0  0 -1  1  0
  0  0  0  0  0  0  0  0  0  0  0  0  0  0  0  0
  0  0  0  0 -1  0  1  0  1  0  0 -1  0 -1  1  0
  0  0  0  0  0  0  0  0  0  0  0  0  0  0  0  0
  0.631488377738   0.981029759936

  12   12   10    9 
 1302 0213 0213 0132
   1    2    1    2 
  0  0  0  0  1  0 -1  0  0  0  0  0  0  0  0  0
  0  0  0  0  0  0  0  0  0  0  0  0  0  0  0  0
  0  0  0  0  0  0  0  0 -1  1  0  0  0  1 -1  0
  0  0  0  0  0  0  0  0  0  0  0  0  0  0  0  0
  0.967616571012   1.291259103748

  12   11    8    7 
 0321 0321 0132 0321
   1    2    2    1 
  0  0  0  0 -1  0  0  1  0  0  0  0  1 -1  0  0
  0  0  0  0  0  0  0  0  0  0  0  0  0  0  0  0
  0  0  0  0 -1  0  0  1  0  0  0  0  0  0  0  0
  0  0  0  0  0  0  0  0  0  0  0  0  0  0  0  0
  0.339257650709   0.795313765623

   7    8   12   11 
 0132 0213 0132 0132
   1    1    2    2 
  0  0  0  0  1  0 -1  0  0  1  0 -1  0  0  0  0
  0  0  0  0  0  0  0  0  0  0  0  0  0  0  0  0
  0  0  1 -1  1  0 -1  0  0  0  0  0 -1  1  0  0
  0  0  0  0  0  0  0  0  0  0  0  0  0  0  0  0
  0.546216301080   1.063794498404

   4    6   10    9 
 1023 0132 0132 0321
   1    1    2    2 
  0  0  0  0 -1  0  0  1  0  0  0  0 -1  0  1  0
  0  0  0  0  0  0  0  0  0  0  0  0  0  0  0  0
  0 -1  1  0  0  0  0  0  0  0  0  0  0  0  0  0
  0  0  0  0  0  0  0  0  0  0  0  0  0  0  0  0
  0.631488377738   0.981029759936

   9    8    8   10 
 0321 2031 0213 0132
   1    1    2    2 
  0  0  0  0 -1  0  0  1  0  0  0  0  1 -1  0  0
  0  0  0  0  0  0  0  0  0  0  0  0  0  0  0  0
  0  1  0 -1  0  0 -1  1  0  0  0  0  1  0 -1  0
  0  0  0  0  0  0  0  0  0  0  0  0  0  0  0  0
  0.019409885559   0.773951129133

   0    2    2    5 
 0213 1023 0213 1230
   1    2    2    0 
  0  0  0  0  1  0  0 -1  0  0  0  0  0  0  0  0
  0  0  0  0  0  0  0  0  0  0  0  0  0  0  0  0
  0  0  0  0  1  0  0 -1  0  0  0  0  1 -1  0  0
  0  0  0  0  0  0  0  0  0  0  0  0  0  0  0  0
  0.455417606469   1.049326508055

