% Triangulation
newlinks/L310037
geometric_solution  12.27627758
oriented_manifold
CS_unknown

3 0
    torus   0.000000000000   0.000000000000
    torus   0.000000000000   0.000000000000
    torus   0.000000000000   0.000000000000

13
   5    1    1    8 
 1302 0213 2103 2310
   1    1    1    0 
  0  0  0  0  0  0  0  0  0  0  0  0  0  1 -1  0
  0  0  0  0  0  0  0  0  0  0  0  0  0  0  0  0
  0  0  0  0  0  0  0  0  1  0  0 -1 -1  3 -2  0
  0  0  0  0  0  0  0  0  0  0  0  0  0  0  0  0
  0.213848622243   1.272019649514

   0   12    0    3 
 2103 1023 0213 1230
   1    1    1    0 
  0  0  0  0  0  0  0  0  0  0  0  0  1  0 -1  0
  0  0  0  0  0  0  0  0  0  0  0  0  0  0  0  0
  0  0  0  0  0  0  0  0  0  0  0  0  2  1 -3  0
  0  0  0  0  0  0  0  0  0  0  0  0  0  0  0  0
  0.351577584254   0.568864481006

   7    4    3    7 
 0321 0321 0132 1023
   1    1    2    1 
  0  0  0  0  0  0 -1  1 -1  0  0  1  0  0  0  0
  0  0  0  0  0  0  0  0  0  0  0  0  0  0  0  0
  0  0 -1  1  1  0 -3  2 -2  1  0  1  0  0  0  0
  0  0  0  0  0  0  0  0  0  0  0  0  0  0  0  0
  0.742934135878   0.529085513636

   1    9   10    2 
 3012 1023 3201 0132
   1    1    1    1 
  0  0  0  0  0  0 -1  1  0  0  0  0  0  0  0  0
  0  0  0  0  0  0  0  0  0  0  0  0  0  0  0  0
  0 -1  0  1  0  0 -3  3  0  0  0  0  0 -1  1  0
  0  0  0  0  0  0  0  0  0  0  0  0  0  0  0  0
  0.636009824757   0.893075688879

  11   11    6    2 
 0321 3120 1302 0321
   1    1    2    1 
  0  0  0  0  0  0  0  0  0  0  0  0  1 -1  0  0
  0  0  0  0  0  0  0  0  0  0  0  0  0  0  0  0
  0  0  0  0  0  0  0  0  1  0  0 -1  3 -3  0  0
  0  0  0  0  0  0  0  0  0  0  0  0  0  0  0  0
  0.106924311121   0.636009824757

  12    0    6   12 
 1230 2031 0132 0132
   1    1    0    1 
  0  0 -1  1  0  0  0  0  0  0  0  0  0  0  0  0
  0  0  0  0  0  0  0  0  0  0  0  0  0  0  0  0
  0 -1 -2  3  0  0  0  0 -1  1  0  0  0  0  0  0
  0  0  0  0  0  0  0  0  0  0  0  0  0  0  0  0
  0.213848622243   1.272019649514

   4    8    9    5 
 2031 3201 0132 0132
   1    1    1    1 
  0  0 -1  1  0  0  0  0  0  0  0  0  0  0  0  0
  0  0  0  0  0  0  0  0  0  0  0  0  0  0  0  0
  0  0 -2  2  0  0  0  0  0  0  0  0  0  0  0  0
  0  0  0  0  0  0  0  0  0  0  0  0  0  0  0  0
  0.636009824757   0.893075688879

   2   11    8    2 
 0321 0321 0132 1023
   1    1    2    1 
  0  0  1 -1  0  0  0  0  1  0  0 -1  0  0  0  0
  0  0  0  0  0  0  0  0  0  0  0  0  0  0  0  0
  0  0  2 -2  0  0  1 -1  2 -1  0 -1 -1  0  1  0
  0  0  0  0  0  0  0  0  0  0  0  0  0  0  0  0
  0.742934135878   0.529085513636

   0    9    6    7 
 3201 0132 2310 0132
   1    1    1    1 
  0  1  0 -1  0  0  0  0  0  0  0  0  0  0  0  0
  0  0  0  0  0  0  0  0  0  0  0  0  0  0  0  0
  0  2  0 -2  1  0  0 -1  0  1  0 -1  0  0  0  0
  0  0  0  0  0  0  0  0  0  0  0  0  0  0  0  0
  0.636009824757   0.893075688879

   3    8   10    6 
 1023 0132 0132 0132
   1    1    1    1 
  0 -1  0  1  0  0  0  0  0  0  0  0  0  0  0  0
  0  0  0  0  0  0  0  0  0  0  0  0  0  0  0  0
  0 -2  0  2  1  0 -1  0  0  0  0  0  1 -1  0  0
  0  0  0  0  0  0  0  0  0  0  0  0  0  0  0  0
  0.000000000000   0.500000000000

   3   11   12    9 
 2310 0213 0132 0132
   1    1    1    1 
  0  1 -1  0  0  0  0  0  1 -1  0  0  0  0  0  0
  0  0  0  0  0  0  0  0  0  0  0  0  0  0  0  0
  0  3 -3  0 -1  0  0  1  3 -3  0  0  0  0  0  0
  0  0  0  0  0  0  0  0  0  0  0  0  0  0  0  0
  0.636009824757   0.893075688879

   4    4   10    7 
 0321 3120 0213 0321
   1    1    2    1 
  0  1 -1  0 -1  0  1  0  0  0  0  0  0  0  0  0
  0  0  0  0  0  0  0  0  0  0  0  0  0  0  0  0
  0  3 -3  0 -3  0  3  0 -1  0  0  1  0  0  0  0
  0  0  0  0  0  0  0  0  0  0  0  0  0  0  0  0
  0.106924311121   0.636009824757

   1    5    5   10 
 1023 3012 0132 0132
   1    1    1    0 
  0  0 -1  1  0  0  0  0  0  0  0  0  0  0  0  0
  0  0  0  0  0  0  0  0  0  0  0  0  0  0  0  0
  0  0 -3  3  0  0  0  0  0  0  0  0 -1  1  0  0
  0  0  0  0  0  0  0  0  0  0  0  0  0  0  0  0
  0.213848622243   1.272019649514

