% Triangulation
newlinks/L310019
geometric_solution  7.32772475
oriented_manifold
CS_unknown

3 0
    torus   0.000000000000  -0.000000000000
    torus   0.000000000000  -0.000000000000
    torus   0.000000000000  -0.000000000000

8
   2    1    2    2 
 2103 0132 0132 3120
   1    0    1    1 
  0  0  0  0  0  0 -1  1  1  0  0 -1  0 -1  1  0
  0  0  0  0  0  0  0  0  0  0  0  0  0  0  0  0
  0  0  0  0  1  0  0 -1  1 -1  0  0  1 -1  0  0
  0  0  0  0  0  0  0  0  0  0  0  0  0  0  0  0
  0.500000000000   0.500000000000

   4    0    6    3 
 1023 0132 3012 0132
   1    2    1    1 
  0  0  1 -1  0  0 -1  1 -1  1  0  0  0  0  0  0
  0  0  0  0  0  0  0  0  0  0  0  0  0  0  0  0
  0  0  1 -1  0  0  0  0 -1  1  0  0  0  1 -1  0
  0  0  0  0  0  0  0  0  0  0  0  0  0  0  0  0
  1.000000000000   1.000000000000

   0    3    0    0 
 3120 0132 2103 0132
   1    0    1    1 
  0  1 -1  0 -1  0  0  1  1  0  0 -1  0  0  0  0
  0  0  0  0  0  0  0  0  0  0  0  0  0  0  0  0
  0  1 -1  0  1  0 -1  0  0  0  0  0  0  1 -1  0
  0  0  0  0  0  0  0  0  0  0  0  0  0  0  0  0
  1.000000000000   1.000000000000

   5    2    1    7 
 3012 0132 0132 0132
   1    2    1    1 
  0 -1  1  0  2  0 -1 -1  0  0  0  0  0  0  0  0
  0  0  0  0  0  0  0  0  0  0  0  0  0  0  0  0
  0 -1  1  0  1  0  0 -1  1 -1  0  0  0  0  0  0
  0  0  0  0  0  0  0  0  0  0  0  0  0  0  0  0
  0.500000000000   0.500000000000

   7    1    7    6 
 1230 1023 1302 0132
   2    1    1    1 
  0  0  0  0  0  0  0  0  0  1  0 -1  0  0  0  0
  0  0  0  0  0  0  0  0  0  0  0  0  0  0  0  0
  0  0  0  0  0  0  0  0  0  1  0 -1  0  0  0  0
  0  0  0  0  0  0  0  0  0  0  0  0  0  0  0  0
 -0.000000000000   1.000000000000

   6    7    6    3 
 0321 1302 0132 1230
   2    1    1    1 
  0  1  1 -2  0  0  0  0  0  0  0  0  0  0  0  0
  0  0  0  0  0  0  0  0  0  0  0  0  0  0  0  0
  0  1  0 -1  0  0  1 -1  0  0  0  0 -1  0  1  0
  0  0  0  0  0  0  0  0  0  0  0  0  0  0  0  0
  0.500000000000   0.500000000000

   5    1    4    5 
 0321 1230 0132 0132
   2    1    1    1 
  0  1  0 -1  0  0  0  0  0  0  0  0  0 -1  1  0
  0  0  0  0  0  0  0  0  0  0  0  0  0  0  0  0
  0  0  0  0  1  0  0 -1  0  1  0 -1  0 -1  1  0
  0  0  0  0  0  0  0  0  0  0  0  0  0  0  0  0
  0.000000000000   1.000000000000

   4    4    3    5 
 2031 3012 0132 2031
   1    2    1    1 
  0  0  0  0  0  0  1 -1  0  0  0  0  0  0  0  0
  0  0  0  0  0  0  0  0  0  0  0  0  0  0  0  0
  0  0  0  0  0  0  1 -1  0  0  0  0  0  0  0  0
  0  0  0  0  0  0  0  0  0  0  0  0  0  0  0  0
  0.500000000000   0.500000000000

