% Triangulation
newlinks/L310049
geometric_solution  7.70691180
oriented_manifold
CS_unknown

3 0
    torus   0.000000000000  -0.000000000000
    torus   0.000000000000  -0.000000000000
    torus   0.000000000000  -0.000000000000

8
   6    1    6    5 
 2310 2031 1302 2310
   2    1    2    0 
  0  0  0  0  0  0  1 -1  0 -1  0  1 -1 -1  2  0
  0  0  0  0  0  0  0  0  0  0  0  0  0  0  0  0
  0 -1  1  0 -1  0  1  0 -1 -1  0  2  0 -1  1  0
  0  0  0  0  0  0  0  0  0  0  0  0  0  0  0  0
  0.329483540958   0.802254557557

   0    4    2    7 
 1302 0321 0132 0132
   0    0    2    2 
  0  0  1 -1  1  0  0 -1  0  0  0  0  1 -1  0  0
  0  0  0  0  0  0  0  0  0  0  0  0  0  0  0  0
  0  0  0  0  1  0  0 -1  1 -1  0  0  1 -1  0  0
  0  0  0  0  0  0  0  0  0  0  0  0  0  0  0  0
  0.464947028641   0.528659344748

   5    5    6    1 
 1023 0213 0213 0132
   0    0    2    1 
  0  0  1 -1  0  0  0  0  0  0  0  0  0  1 -1  0
  0  0  0  0  0  0  0  0  0  0  0  0  0  0  0  0
  0  0  0  0  0  0  0  0  0  0  0  0  0  0  0  0
  0  0  0  0  0  0  0  0  0  0  0  0  0  0  0  0
  0.613349412879   0.733855754355

   7    6    5    4 
 0213 0321 0132 0132
   0    2    0    2 
  0  0  0  0  0  0 -1  1  0 -2  0  2  0  0  0  0
  0  0  0  0  0  0  0  0  0  0  0  0  0  0  0  0
  0  0  0  0  1  0 -2  1  0 -1  0  1  0  0  0  0
  0  0  0  0  0  0  0  0  0  0  0  0  0  0  0  0
  0.061957055279   1.066584229932

   7    7    3    1 
 1230 0321 0132 0321
   0    2    2    0 
  0  0  0  0  0  0 -1  1  0  0  0  0  1  1 -2  0
  0  0  0  0  0  0  0  0  0  0  0  0  0  0  0  0
  0  0  0  0  0  0 -1  1  0 -1  0  1  0  1 -1  0
  0  0  0  0  0  0  0  0  0  0  0  0  0  0  0  0
  0.280978527639   0.533292114966

   0    2    2    3 
 3201 1023 0213 0132
   0    2    2    1 
  0  0  0  0 -1  0  0  1  0  0  0  0  1  0 -1  0
  0  0  0  0  0  0  0  0  0  0  0  0  0  0  0  0
  0  0  0  0 -2  0  0  2  0  0  0  0  0  0  0  0
  0  0  0  0  0  0  0  0  0  0  0  0  0  0  0  0
  0.561957055279   1.066584229932

   0    2    0    3 
 2031 0213 3201 0321
   0    2    0    1 
  0 -1  1  0  0  0  0  0 -2  0  0  2 -1  1  0  0
  0  0  0  0  0  0  0  0  0  0  0  0  0  0  0  0
  0  0  0  0 -1  0  1  0 -1  0  0  1 -1  0  1  0
  0  0  0  0  0  0  0  0  0  0  0  0  0  0  0  0
  0.329483540958   0.802254557557

   3    4    1    4 
 0213 3012 0132 0321
   0    0    2    2 
  0 -1  1  0  0  0  1 -1  0  0  0  0  0  0  0  0
  0  0  0  0  0  0  0  0  0  0  0  0  0  0  0  0
  0  0  0  0  0  0  1 -1 -1  0  0  1  0  0  0  0
  0  0  0  0  0  0  0  0  0  0  0  0  0  0  0  0
  0.226698825758   1.467711508710

