% Triangulation
newlinks/L310005
geometric_solution  13.93968568
oriented_manifold
CS_unknown

3 0
    torus   0.000000000000   0.000000000000
    torus   0.000000000000   0.000000000000
    torus   0.000000000000   0.000000000000

14
  13    1   12   12 
 3012 2103 0213 0132
   2    1    1    1 
  0  0 -1  1  0  0  0  0  0  0  0  0  0  0  0  0
  0  0  0  0  0  0  0  0  0  0  0  0  0  0  0  0
  0 -1  0  1  1  0 -1  0  0  0  0  0  0 -1  1  0
  0  0  0  0  0  0  0  0  0  0  0  0  0  0  0  0
  0.584842980242   0.778647894206

  11    0    3   11 
 3201 2103 1302 1302
   1    1    2    1 
  0  0  0  0  0  0  0  0  0  0  0  0  0  0  0  0
  0  0  0  0  0  0  0  0  0  0  0  0  0  0  0  0
  0  0  0  0  0  0  0  0 -1  1  0  0  0  1 -1  0
  0  0  0  0  0  0  0  0  0  0  0  0  0  0  0  0
  0.533176834931   1.000000000000

   3    7   13    5 
 3120 3012 3120 1023
   1    1    1    1 
  0  0 -1  1  0  0  0  0  0  0  0  0  0  0  0  0
  0  0  0  0  0  0  0  0  0  0  0  0  0  0  0  0
  0  0 -1  1 -1  0  0  1  1 -1  0  0  0  1 -1  0
  0  0  0  0  0  0  0  0  0  0  0  0  0  0  0  0
  0.824684396416   0.984512284911

   1    8   12    2 
 2031 1023 1302 3120
   1    1    1    1 
  0  0  0  0  0  0  0  0  0  0  0  0  0 -1  1  0
  0  0  0  0  0  0  0  0  0  0  0  0  0  0  0  0
  0  0  0  0  0  0 -1  1  1  0  0 -1  0 -2  2  0
  0  0  0  0  0  0  0  0  0  0  0  0  0  0  0  0
  0.284277537307   1.066353669862

   6    6    9    5 
 3012 0132 0132 0132
   1    1    1    0 
  0  0  0  0  0  0  1 -1  0  0  0  0  0  0  0  0
  0  0  0  0  0  0  0  0  0  0  0  0  0  0  0  0
  0  1  0 -1 -1  0  2 -1  1 -1  0  0  0 -1  1  0
  0  0  0  0  0  0  0  0  0  0  0  0  0  0  0  0
  0.616705791267   0.821069384327

  10    8    4    2 
 2031 0321 0132 1023
   1    1    1    1 
  0  0  0  0  0  0  1 -1  0  0  0  0  0  0  0  0
  0  0  0  0  0  0  0  0  0  0  0  0  0  0  0  0
  0  0  1 -1  0  0  1 -1  0  0  0  0  0  0  0  0
  0  0  0  0  0  0  0  0  0  0  0  0  0  0  0  0
  0.566062807903   0.646522278399

  10    4    7    4 
 0321 0132 0132 1230
   1    1    0    1 
  0  0  0  0  0  0  0  0  0  0  0  0  0  0  0  0
  0  0  0  0  0  0  0  0  0  0  0  0  0  0  0  0
  0 -1  0  1  0  0  1 -1 -1  1  0  0  0  1 -1  0
  0  0  0  0  0  0  0  0  0  0  0  0  0  0  0  0
  0.415157019758   0.778647894206

   2    8    9    6 
 1230 0213 0321 0132
   1    1    1    1 
  0  0  0  0  0  0  0  0  0  0  0  0  0  1 -1  0
  0  0  0  0  0  0  0  0  0  0  0  0  0  0  0  0
  0  0  0  0  1  0  0 -1 -1  0  0  1  0  2 -2  0
  0  0  0  0  0  0  0  0  0  0  0  0  0  0  0  0
  0.715722462693   1.066353669862

   3   13    7    5 
 1023 1023 0213 0321
   1    1    1    1 
  0  0  0  0  0  0  0  0  0  0  0  0  1  0 -1  0
  0  0  0  0  0  0  0  0  0  0  0  0  0  0  0  0
  0  0  0  0  0  0  0  0  0  0  0  0  2  0 -2  0
  0  0  0  0  0  0  0  0  0  0  0  0  0  0  0  0
  0.175315603584   0.984512284911

  10   10    7    4 
 1023 0321 0321 0132
   1    1    0    1 
  0  0  0  0  0  0  1 -1 -1  1  0  0  0  0  0  0
  0  0  0  0  0  0  0  0  0  0  0  0  0  0  0  0
  0  0  0  0  0  0  2 -2  1  0  0 -1  0  0  0  0
  0  0  0  0  0  0  0  0  0  0  0  0  0  0  0  0
  0.616705791267   0.821069384327

   6    9    5    9 
 0321 1023 1302 0321
   1    1    0    1 
  0  0  0  0  0  0  0  0  0  1  0 -1  0  0  0  0
  0  0  0  0  0  0  0  0  0  0  0  0  0  0  0  0
  0  0  0  0  0  0  0  0  1 -1  0  0  0  0  0  0
  0  0  0  0  0  0  0  0  0  0  0  0  0  0  0  0
  0.415157019758   0.778647894206

  13   12    1    1 
 1230 0321 2031 2310
   2    1    1    1 
  0  0  0  0  0  0  0  0  1 -1  0  0  0  0  0  0
  0  0  0  0  0  0  0  0  0  0  0  0  0  0  0  0
  0 -1  0  1  0  0  0  0  1 -1  0  0  0  0  0  0
  0  0  0  0  0  0  0  0  0  0  0  0  0  0  0  0
  0.584842980242   0.778647894206

   3    0    0   11 
 2031 0213 0132 0321
   2    1    1    1 
  0  1 -1  0  0  0  0  0 -1  0  0  1  0  0  0  0
  0  0  0  0  0  0  0  0  0  0  0  0  0  0  0  0
  0  0 -1  1  0  0  0  0 -2  1  0  1  1 -1  0  0
  0  0  0  0  0  0  0  0  0  0  0  0  0  0  0  0
  0.533176834931   1.000000000000

   8   11    2    0 
 1023 3012 3120 1230
   1    1    1    1 
  0  0  0  0  0  0  0  0  0  0  0  0  0 -1  1  0
  0  0  0  0  0  0  0  0  0  0  0  0  0  0  0  0
  0  0  1 -1  0  0  0  0  0  0  0  0  0 -1  1  0
  0  0  0  0  0  0  0  0  0  0  0  0  0  0  0  0
  0.284277537307   1.066353669862

