% Triangulation
newlinks/L310065
geometric_solution  7.94057925
oriented_manifold
CS_unknown

3 0
    torus   0.000000000000  -0.000000000000
    torus   0.000000000000  -0.000000000000
    torus   0.000000000000  -0.000000000000

8
   7    1    5    3 
 3012 3120 0132 0213
   0    0    0    0 
  0  0  0  0  0  0  0  0  1  0  0 -1  0  0  0  0
  0  0  0  0  0  0  0  0  0  0  0  0  0  0  0  0
  0  0  0  0  0  0  0  0 -3  0  0  3  0  0  0  0
  0  0  0  0  0  0  0  0  0  0  0  0  0  0  0  0
  0.565197717384   1.043427435893

   2    0    2    2 
 2103 3120 0132 3120
   0    1    0    0 
  0  0  0  0  1  0  0 -1  0  0  0  0  0  0  0  0
  0  0  0  0  0  0  0  0  0  0  0  0  0  0  0  0
  0  0  0  0 -5  0  1  4  0  0  0  0  0  0  0  0
  0  0  0  0  0  0  0  0  0  0  0  0  0  0  0  0
  0.230707645761   1.179485610044

   1    4    1    1 
 3120 1230 2103 0132
   0    1    0    0 
  0  0  0  0  1  0 -1  0  0  0  0  0  0  0  0  0
  0  0  0  0  0  0  0  0  0  0  0  0  0  0  0  0
  0  0  0  0 -4  0  5 -1  0  0  0  0  0  0  0  0
  0  0  0  0  0  0  0  0  0  0  0  0  0  0  0  0
  0.387944279477   0.594799483735

   3    3    4    0 
 1302 2031 0132 0213
   0    0    0    0 
  0  1 -1  0 -1  0  0  1 -1  1  0  0 -1  1  0  0
  0  0  0  0  0  0  0  0  0  0  0  0  0  0  0  0
  0 -3  3  0  4  0 -1 -3  3 -3  0  0  3 -4  1  0
  0  0  0  0  0  0  0  0  0  0  0  0  0  0  0  0
  0.340275770132   0.816585120458

   5    6    2    3 
 2103 0213 3012 0132
   0    0    0    0 
  0 -1  0  1  0  0  0  0  0  0  0  0  0  0  0  0
  0  0  0  0  0  0  0  0  0  0  0  0  0  0  0  0
  0  3  0 -3 -1  0  0  1  1  0  0 -1  0  0  0  0
  0  0  0  0  0  0  0  0  0  0  0  0  0  0  0  0
  0.340275770132   0.816585120458

   5    5    4    0 
 1302 2031 2103 0132
   0    0    0    0 
  0  0  0  0  0  0  0  0  0  0  0  0  0  0  0  0
  0  0  0  0  0  0  0  0  0  0  0  0  0  0  0  0
  0  1 -1  0 -1  0  1  0 -1  1  0  0 -1  1  0  0
  0  0  0  0  0  0  0  0  0  0  0  0  0  0  0  0
  0.340275770132   0.816585120458

   7    7    4    7 
 1230 2031 0213 0132
   0    0    2    0 
  0  0  1 -1  0  0  0  0  0  1  0 -1  1 -1  0  0
  0  0  0  0  0  0  0  0  0  0  0  0  0  0  0  0
  0  0 -3  3  0  0  0  0  1 -3  0  2 -3  3  0  0
  0  0  0  0  0  0  0  0  0  0  0  0  0  0  0  0
  0.340275770132   0.816585120458

   6    6    6    0 
 1302 3012 0132 1230
   0    0    0    2 
  0 -1  1  0  1  0  0 -1  0  0  0  0 -1  0  1  0
  0  0  0  0  0  0  0  0  0  0  0  0  0  0  0  0
  0  3 -3  0 -3  0  0  3  0  0  0  0  3 -1 -2  0
  0  0  0  0  0  0  0  0  0  0  0  0  0  0  0  0
  0.340275770132   0.816585120458

