% Triangulation
newlinks/L410005
geometric_solution  10.14941606
oriented_manifold
CS_unknown

4 0
    torus   0.000000000000  -0.000000000000
    torus   0.000000000000  -0.000000000000
    torus   0.000000000000  -0.000000000000
    torus   0.000000000000  -0.000000000000

10
   9    8    6    8 
 3012 1023 0213 0321
   0    1    3    1 
  0  0 -1  1  0  0  0  0  1  0  0 -1  1  0 -1  0
  0  0  0  0  0  0  0  0  0  0  0  0  0  0  0  0
  0 -1  0  1  0  0  1 -1 -1 -1  0  2  0  1 -1  0
  0  0  0  0  0  0  0  0  0  0  0  0  0  0  0  0
  0.500000000000   0.866025403784

   4    6    2    4 
 2031 0321 0132 1023
   0    2    1    0 
  0  1 -1  0  0  0  0  0  0  0  0  0  0  0  0  0
  0  0  0  0  0  0  0  0  0  0  0  0  0  0  0  0
  0  0  0  0  0  0  1 -1  1 -1  0  0  0  0  0  0
  0  0  0  0  0  0  0  0  0  0  0  0  0  0  0  0
  0.500000000000   0.866025403784

   3    7    3    1 
 2031 0213 3012 0132
   0    2    0    1 
  0 -1  0  1  1  0 -1  0  0  0  0  0  1 -1  0  0
  0  0  0  0  0  0  0  0  0  0  0  0  0  0  0  0
  0 -1  1  0  1  0  0 -1  0  0  0  0  0  0  0  0
  0  0  0  0  0  0  0  0  0  0  0  0  0  0  0  0
  0.500000000000   0.866025403784

   6    2    2    4 
 0321 1230 1302 0321
   2    1    1    0 
  0  1 -1  0  1  0 -1  0  0  0  0  0  0  0  0  0
  0  0  0  0  0  0  0  0  0  0  0  0  0  0  0  0
  0  0 -1  1  1  0  0 -1  0  0  0  0  1 -1  0  0
  0  0  0  0  0  0  0  0  0  0  0  0  0  0  0  0
  0.500000000000   0.866025403784

   7    3    1    1 
 1023 0321 1302 1023
   2    0    1    1 
  0  0  0  0  0  0  0  0  0  0  0  0  0  0  0  0
  0  0  0  0  0  0  0  0  0  0  0  0  0  0  0  0
  0 -1  0  1  0  0  0  0  0  0  0  0  0  1 -1  0
  0  0  0  0  0  0  0  0  0  0  0  0  0  0  0  0
  0.500000000000   0.866025403784

   9    9    8    6 
 0321 3201 0132 0132
   0    0    1    3 
  0  0  0  0  0  0  0  0  0  0  0  0  0 -1  1  0
  0  0  0  0  0  0  0  0  0  0  0  0  0  0  0  0
  0  0  0  0  0  0  1 -1  0  0  0  0  0  1 -1  0
  0  0  0  0  0  0  0  0  0  0  0  0  0  0  0  0
  0.500000000000   0.866025403784

   3    0    5    1 
 0321 0213 0132 0321
   0    0    1    1 
  0  1  0 -1  0  0  0  0  0  0  0  0 -1  1  0  0
  0  0  0  0  0  0  0  0  0  0  0  0  0  0  0  0
  0  0  0  0 -1  0  1  0  0 -1  0  1 -1  1  0  0
  0  0  0  0  0  0  0  0  0  0  0  0  0  0  0  0
  0.500000000000   0.866025403784

   9    4    2    8 
 1302 1023 0213 0132
   0    0    1    1 
  0  0  1 -1  0  0  0  0  0  0  0  0 -1  0  1  0
  0  0  0  0  0  0  0  0  0  0  0  0  0  0  0  0
  0  0  1 -1  0  0  0  0  0  0  0  0  0  0  0  0
  0  0  0  0  0  0  0  0  0  0  0  0  0  0  0  0
  0.500000000000   0.866025403784

   0    0    7    5 
 1023 0321 0132 0132
   0    0    3    1 
  0 -1  1  0  0  0  0  0  0  1  0 -1  0  0  0  0
  0  0  0  0  0  0  0  0  0  0  0  0  0  0  0  0
  0 -1  1  0  1  0  0 -1  1 -2  0  1 -1  1  0  0
  0  0  0  0  0  0  0  0  0  0  0  0  0  0  0  0
  0.500000000000   0.866025403784

   5    7    5    0 
 0321 2031 2310 1230
   1    3    1    0 
  0  0  0  0  0  0  1 -1  0  1  0 -1  0  0  0  0
  0  0  0  0  0  0  0  0  0  0  0  0  0  0  0  0
  0  0  0  0  0  0 -1  1  0  0  0  0  0  0  0  0
  0  0  0  0  0  0  0  0  0  0  0  0  0  0  0  0
  0.500000000000   0.866025403784

