% Triangulation
newlinks/L410003
geometric_solution  12.70917311
oriented_manifold
CS_unknown

4 0
    torus   0.000000000000  -0.000000000000
    torus   0.000000000000  -0.000000000000
    torus   0.000000000000  -0.000000000000
    torus   0.000000000000  -0.000000000000

14
   2    4    4   13 
 1230 3012 3120 3201
   0    1    1    3 
  0  0  0  0  0  0  0  0  0  0  0  0  0  1 -1  0
  0  0  0  0  0  0  0  0  0  0  0  0  0  0  0  0
  0  0  1 -1  1  0 -1  0  0  1  0 -1  0  2 -2  0
  0  0  0  0  0  0  0  0  0  0  0  0  0  0  0  0
  0.114077746827   0.557571254020

  10    7    2    3 
 0321 1023 0132 0321
   3    3    1    1 
  0  0  0  0  1  0  0 -1  0  0  0  0  0  0  0  0
  0  0  0  0  0  0  0  0  0  0  0  0  0  0  0  0
  0  0  0  0  1  0  0 -1  0  0  0  0  1  0 -1  0
  0  0  0  0  0  0  0  0  0  0  0  0  0  0  0  0
  0.441456235309   0.874988158536

   3    0    5    1 
 3012 3012 1302 0132
   3    3    1    1 
  0  0  0  0  0  0  0  0  0  0  0  0  0  0  0  0
  0  0  0  0  0  0  0  0  0  0  0  0  0  0  0  0
  0  0  0  0  1  0 -1  0  0 -1  0  1  0  0  0  0
  0  0  0  0  0  0  0  0  0  0  0  0  0  0  0  0
 -0.160713244786   1.212581458414

   5    1    4    2 
 3201 0321 0132 1230
   3    1    1    3 
  0  0  0  0  0  0  0  0  0  0  0  0  0  1 -1  0
  0  0  0  0  0  0  0  0  0  0  0  0  0  0  0  0
  0  0  1 -1  0  0  0  0  0  0  0  0  0  1 -1  0
  0  0  0  0  0  0  0  0  0  0  0  0  0  0  0  0
  1.121771406619   0.733503673915

   0    6    0    3 
 1230 1023 3120 0132
   3    1    3    0 
  0 -1  1  0  0  0  0  0 -1  0  0  1  0  0  0  0
  0  0  0  0  0  0  0  0  0  0  0  0  0  0  0  0
  0 -1  2 -1 -1  0  1  0 -2  1  0  1  0  1 -1  0
  0  0  0  0  0  0  0  0  0  0  0  0  0  0  0  0
  0.808512116047   0.508851778833

   2    7    6    3 
 2031 0321 0132 2310
   1    3    1    3 
  0  1 -1  0  0  0  0  0  0  0  0  0  0  0  0  0
  0  0  0  0  0  0  0  0  0  0  0  0  0  0  0  0
  0  2 -2  0  0  0  0  0  0  0  0  0  1  0 -1  0
  0  0  0  0  0  0  0  0  0  0  0  0  0  0  0  0
  0.142923320068   0.613757450852

   4   12   12    5 
 1023 0132 1302 0132
   1    3    3    0 
  0  0 -1  1  1  0 -1  0  0  0  0  0  0  1 -1  0
  0  0  0  0  0  0  0  0  0  0  0  0  0  0  0  0
  0  0 -2  2  1  0 -1  0 -1  0  0  1 -1  2 -1  0
  0  0  0  0  0  0  0  0  0  0  0  0  0  0  0  0
  0.728155493654   1.115142508040

   1   13   10    5 
 1023 0321 0321 0321
   1    3    1    1 
  0  1  0 -1  0  0  0  0  0  0  0  0  0  0  0  0
  0  0  0  0  0  0  0  0  0  0  0  0  0  0  0  0
  0  3 -1 -2  0  0  0  0  0  0  0  0  0  0  0  0
  0  0  0  0  0  0  0  0  0  0  0  0  0  0  0  0
  0.142384903677   0.448752577198

  11   11   11    9 
 3012 0132 1302 0132
   1    1    1    2 
  0  0  0  0  0  0  1 -1  0 -1  0  1 -1  1  0  0
  0  0  0  0  0  0  0  0  0  0  0  0  0  0  0  0
  0  1 -1  0  0  0  2 -2  0 -2  0  2 -1  0  1  0
  0  0  0  0  0  0  0  0  0  0  0  0  0  0  0  0
  1.107415532833   0.810450212939

  13   12    8   13 
 2031 0321 0132 1230
   1    1    0    1 
  0  0  0  0 -1  0  1  0  0  0  0  0  0  1 -1  0
  0  0  0  0  0  0  0  0  0  0  0  0  0  0  0  0
  0  0  0  0 -2  0  2  0  1 -1  0  0  0  2 -2  0
  0  0  0  0  0  0  0  0  0  0  0  0  0  0  0  0
  0.614077746827   0.557571254020

   1   12    7   11 
 0321 0213 0321 0132
   1    1    1    3 
  0  0  0  0  0  0  0  0  0  0  0  0 -1  1  0  0
  0  0  0  0  0  0  0  0  0  0  0  0  0  0  0  0
  0  0  1 -1 -1  0  0  1  0  0  0  0 -1  1  0  0
  0  0  0  0  0  0  0  0  0  0  0  0  0  0  0  0
  0.142923320068   0.613757450852

   8    8   10    8 
 2031 0132 0132 1230
   1    1    2    1 
  0  0  0  0  0  0  0  0  0 -1  0  1 -1  1  0  0
  0  0  0  0  0  0  0  0  0  0  0  0  0  0  0  0
  0 -1  1  0  1  0 -1  0 -1  0  0  1 -2  2  0  0
  0  0  0  0  0  0  0  0  0  0  0  0  0  0  0  0
  0.411949717815   0.430358309312

   6    6   10    9 
 2031 0132 0213 0321
   1    1    0    3 
  0  0  0  0  1  0  0 -1  1 -1  0  0  1  0 -1  0
  0  0  0  0  0  0  0  0  0  0  0  0  0  0  0  0
  0  0  0  0  2  0  0 -2  1 -2  0  1  1  0 -1  0
  0  0  0  0  0  0  0  0  0  0  0  0  0  0  0  0
  0.589483204990   0.628690894143

   9    0    9    7 
 3012 2310 1302 0321
   1    1    1    0 
  0  0  1 -1  0  0  0  0  0  0  0  0  0  0  0  0
  0  0  0  0  0  0  0  0  0  0  0  0  0  0  0  0
  0  1  2 -3  0  0  0  0  0  0  0  0  0  1 -1  0
  0  0  0  0  0  0  0  0  0  0  0  0  0  0  0  0
  0.839286755214   1.212581458414

