% Triangulation
newlinks/L410019
geometric_solution  12.70917311
oriented_manifold
CS_unknown

4 0
    torus   0.000000000000   0.000000000000
    torus   0.000000000000   0.000000000000
    torus   0.000000000000   0.000000000000
    torus   0.000000000000   0.000000000000

14
   2    9   12    9 
 0321 0132 2103 1230
   3    0    1    0 
  0 -1  1  0 -1  0  1  0  0 -1  0  1  0  0  0  0
  0  0  0  0  0  0  0  0  0  0  0  0  0  0  0  0
  0  1  0 -1  0  0 -1  1 -1  2  0 -1  0 -1  1  0
  0  0  0  0  0  0  0  0  0  0  0  0  0  0  0  0
  0.419643377607   0.606290729207

   2    9    2   10 
 1302 0213 0132 2310
   3    0    3    1 
  0  0  0  0  0  0  0  0  0  0  0  0  0  0  0  0
  0  0  0  0  0  0  0  0  0  0  0  0  0  0  0  0
  0  0  0  0  0  0  0  0  0  0  0  0  0 -1  1  0
  0  0  0  0  0  0  0  0  0  0  0  0  0  0  0  0
  0.419643377607   0.606290729207

   0    1    3    1 
 0321 2031 1302 0132
   3    0    1    0 
  0  0  0  0  0  0  0  0  0  0  0  0  1  0 -1  0
  0  0  0  0  0  0  0  0  0  0  0  0  0  0  0  0
  0  0  0  0  0  0  0  0  1  0  0 -1  0  0  0  0
  0  0  0  0  0  0  0  0  0  0  0  0  0  0  0  0
  0.419643377607   0.606290729207

   2   12    9   11 
 2031 2103 0132 3120
   3    3    0    0 
  0  0  1 -1  0  0  0  0  1 -1  0  0  0  0  0  0
  0  0  0  0  0  0  0  0  0  0  0  0  0  0  0  0
  0  0 -1  1  0  0  1 -1  0  0  0  0  0  0  0  0
  0  0  0  0  0  0  0  0  0  0  0  0  0  0  0  0
  0.808512116047   0.508851778833

   7    8    8    6 
 1302 0213 2103 3201
   3    0    0    2 
  0  0  0  0  0  0  0  0  0 -1  0  1  0  1 -1  0
  0  0  0  0  0  0  0  0  0  0  0  0  0  0  0  0
  0 -1  1  0  0  0  0  0  0  1  0 -1 -1 -1  2  0
  0  0  0  0  0  0  0  0  0  0  0  0  0  0  0  0
  0.228155493654   1.115142508040

   8    7    7    6 
 1023 3012 0132 0132
   0    3    3    2 
  0  1  0 -1  1  0  0 -1  0  0  0  0  0  0  0  0
  0  0  0  0  0  0  0  0  0  0  0  0  0  0  0  0
  0  0  0  0  0  0  0  0  0  0  0  0 -1  1  0  0
  0  0  0  0  0  0  0  0  0  0  0  0  0  0  0  0
  0.228155493654   1.115142508040

  10    4    5   13 
 3201 2310 0132 2310
   0    3    0    3 
  0 -1  1  0 -1  0  1  0  1  0  0 -1  0  0  0  0
  0  0  0  0  0  0  0  0  0  0  0  0  0  0  0  0
  0  1  0 -1  0  0  0  0 -1  0  0  1  0  0  0  0
  0  0  0  0  0  0  0  0  0  0  0  0  0  0  0  0
  0.114077746827   0.557571254020

   5    4   13    5 
 1230 2031 2310 0132
   0    3    2    0 
  0  0  0  0  0  0  0  0  0  0  0  0 -1  0  1  0
  0  0  0  0  0  0  0  0  0  0  0  0  0  0  0  0
  0  0  0  0  0  0  0  0 -1  1  0  0  0  0  0  0
  0  0  0  0  0  0  0  0  0  0  0  0  0  0  0  0
  0.228155493654   1.115142508040

   4    5    4   11 
 2103 1023 0213 3012
   3    0    3    2 
  0 -1  0  1  0  0  1 -1  0  0  0  0  1  0 -1  0
  0  0  0  0  0  0  0  0  0  0  0  0  0  0  0  0
  0  0  1 -1  0  0 -1  1 -1  0  0  1 -2  1  1  0
  0  0  0  0  0  0  0  0  0  0  0  0  0  0  0  0
  0.419643377607   0.606290729207

   0    0    1    3 
 3012 0132 0213 0132
   3    3    0    1 
  0  1  0 -1  0  0  0  0  0  0  0  0 -1  1  0  0
  0  0  0  0  0  0  0  0  0  0  0  0  0  0  0  0
  0 -1  0  1  1  0  0 -1 -1  1  0  0  1 -2  1  0
  0  0  0  0  0  0  0  0  0  0  0  0  0  0  0  0
  0.823899435631   0.860716618624

   1   12   11    6 
 3201 0321 0132 2310
   0    3    3    0 
  0  0  1 -1  0  0  0  0  0 -1  0  1  0  0  0  0
  0  0  0  0  0  0  0  0  0  0  0  0  0  0  0  0
  0  0 -1  1  0  0  0  0  0  0  0  0  0  0  0  0
  0  0  0  0  0  0  0  0  0  0  0  0  0  0  0  0
  0.823899435631   0.860716618624

   3   13    8   10 
 3120 0213 1230 0132
   0    3    0    3 
  0  0  1 -1  0  0  0  0  0  0  0  0  1  0 -1  0
  0  0  0  0  0  0  0  0  0  0  0  0  0  0  0  0
  0  0 -1  1  1  0 -1  0  0  0  0  0 -1  0  1  0
  0  0  0  0  0  0  0  0  0  0  0  0  0  0  0  0
  0.228155493654   1.115142508040

   0    3   13   10 
 2103 2103 0132 0321
   0    0    3    0 
  0  1 -1  0 -1  0  1  0 -1  0  0  1  0  0  0  0
  0  0  0  0  0  0  0  0  0  0  0  0  0  0  0  0
  0  0  0  0  1  0 -1  0  0  0  0  0 -1  0  1  0
  0  0  0  0  0  0  0  0  0  0  0  0  0  0  0  0
 -0.771844506346   1.115142508040

   6    7   11   12 
 3201 3201 0213 0132
   0    0    0    3 
  0 -1  0  1  1  0  0 -1  0  0  0  0  0  0  0  0
  0  0  0  0  0  0  0  0  0  0  0  0  0  0  0  0
  0  0  0  0 -1  0  0  1  1  0  0 -1  0  0  0  0
  0  0  0  0  0  0  0  0  0  0  0  0  0  0  0  0
 -0.771844506346   1.115142508040

