% Triangulation
newlinks/L410016
degenerate_solution  5.33349002
oriented_manifold
CS_unknown

4 0
    torus   0.000000000000   0.000000000000
    torus   0.000000000000   0.000000000000
    torus   0.000000000000   0.000000000000
    torus   0.000000000000   0.000000000000

10
   1    3    2    5 
 3012 1023 3012 1230
   1    0    1    2 
  0  0  0  0  1  0  0 -1  0  1  0 -1  2 -1 -1  0
  0  0  0  0  0  0  0  0  0  0  0  0  0  0  0  0
  0  0  0  0 -1  0  1  0  0  1  0 -1  1  0 -1  0
  0  0  0  0  0  0  0  0  0  0  0  0  0  0  0  0
 -0.000000000002   0.000000011704

   2    3    2    0 
 0321 0132 0321 1230
   0    1    2    1 
  0  0  1 -1  0  0  0  0  1  1  0 -2  0  0  0  0
  0  0  0  0  0  0  0  0  0  0  0  0  0  0  0  0
  0  0 -1  1  0  0  0  0  1  0  0 -1  0  0  0  0
  0  0  0  0  0  0  0  0  0  0  0  0  0  0  0  0
  1.999999999967   0.000000005191

   1    0    1    3 
 0321 1230 0321 0132
   0    1    2    1 
  0  0 -1  1  0  0  0  0 -1  1  0  0  0  0  0  0
  0  0  0  0  0  0  0  0  0  0  0  0  0  0  0  0
  0 -1  1  0  0  0  0  0 -1  1  0  0  0  0  0  0
  0  0  0  0  0  0  0  0  0  0  0  0  0  0  0  0
  2.000000000033  -0.000000005191

   0    1    2    7 
 1023 0132 0132 3012
   0    1    1    2 
  0  0 -1  1  0  0  0  0 -1  0  0  1  1 -1  0  0
  0  0  0  0  0  0  0  0  0  0  0  0  0  0  0  0
  0  0  0  0  0  0  0  0 -1  0  0  1  0  0  0  0
  0  0  0  0  0  0  0  0  0  0  0  0  0  0  0  0
12402.246701078257 85438677.451201021671

   6    8    8    5 
 3012 0213 2103 0132
   1    1    1    3 
  0  0  1 -1  0  0  0  0 -1 -1  0  2  0  1 -1  0
  0  0  0  0  0  0  0  0  0  0  0  0  0  0  0  0
  0  0  1 -1  0  0  0  0 -2 -1  0  3 -1  2 -1  0
  0  0  0  0  0  0  0  0  0  0  0  0  0  0  0  0
  0.750000001826   0.661437830765

   0    7    4    7 
 3012 0132 0132 1230
   1    1    0    1 
  0  0  1 -1  0  0  0  0  1 -1  0  0  1  1 -2  0
  0  0  0  0  0  0  0  0  0  0  0  0  0  0  0  0
  0  0  1 -1  0  0  0  0  0  0  0  0  1  2 -3  0
  0  0  0  0  0  0  0  0  0  0  0  0  0  0  0  0
  1.249999998418   0.661437828138

   9    9    7    4 
 1023 0321 0132 1230
   1    1    3    1 
  0  0  0  0 -1  0  0  1  0  0  0  0  1  0 -1  0
  0  0  0  0  0  0  0  0  0  0  0  0  0  0  0  0
  0  0  0  0 -2  0  0  2  0 -1  0  1  2  0 -2  0
  0  0  0  0  0  0  0  0  0  0  0  0  0  0  0  0
  0.249999997695   0.661437828410

   5    5    3    6 
 3012 0132 1230 0132
   1    1    1    0 
  0  0  0  0  1  0 -1  0  0 -1  0  1  0  1 -1  0
  0  0  0  0  0  0  0  0  0  0  0  0  0  0  0  0
  0  0  0  0  1  0 -1  0  0 -2  0  2  0  0  0  0
  0  0  0  0  0  0  0  0  0  0  0  0  0  0  0  0
 -0.499999996873   1.322875657167

   4    9    4    9 
 2103 3012 0213 0132
   1    1    1    3 
  0 -1  0  1  0  0  1 -1 -1  1  0  0  1  0 -1  0
  0  0  0  0  0  0  0  0  0  0  0  0  0  0  0  0
  0 -2  0  2  0  0  1 -1 -1  1  0  0  1  1 -2  0
  0  0  0  0  0  0  0  0  0  0  0  0  0  0  0  0
  0.499999993294   1.322875653449

   8    6    8    6 
 1230 1023 0132 0321
   1    1    3    1 
  0  1 -1  0 -1  0  1  0  0  0  0  0  1 -1  0  0
  0  0  0  0  0  0  0  0  0  0  0  0  0  0  0  0
  0  2 -2  0 -1  0  1  0 -1  0  0  1  2 -2  0  0
  0  0  0  0  0  0  0  0  0  0  0  0  0  0  0  0
  0.500000004310   1.322875657616

