% Triangulation
newlinks/L410023
geometric_solution  8.92931782
oriented_manifold
CS_unknown

4 0
    torus   0.000000000000   0.000000000000
    torus   0.000000000000   0.000000000000
    torus   0.000000000000   0.000000000000
    torus   0.000000000000   0.000000000000

9
   2    2    2    1 
 2103 1023 0213 0132
   2    2    2    0 
  0  0  0  0  0  0  0  0  1  0  0 -1  1  0 -1  0
  0  0  0  0  0  0  0  0  0  0  0  0  0  0  0  0
  0  0  0  0  0  0  0  0 -3  0  0  3 -1  1  0  0
  0  0  0  0  0  0  0  0  0  0  0  0  0  0  0  0
  0.347810384780   1.028852254137

   5    7    0    4 
 2031 0321 0132 0132
   2    2    2    2 
  0  0  0  0  0  0  0  0  0  0  0  0  0 -1  1  0
  0  0  0  0  0  0  0  0  0  0  0  0  0  0  0  0
  0  0  0  0  0  0  0  0 -1  1  0  0  1  2 -3  0
  0  0  0  0  0  0  0  0  0  0  0  0  0  0  0  0
  0.347810384780   1.028852254137

   0    0    0    3 
 1023 0213 2103 0132
   2    2    2    0 
  0  0 -1  1  0  0  0  0  0  0  0  0  0  1 -1  0
  0  0  0  0  0  0  0  0  0  0  0  0  0  0  0  0
  0  0  3 -3  0  0  0  0  0  0  0  0 -1  0  1  0
  0  0  0  0  0  0  0  0  0  0  0  0  0  0  0  0
  0.705122743849   0.872271625461

   8    4    2    6 
 3012 0321 0132 1023
   2    2    2    2 
  0  1 -1  0  0  0  0  0  1 -1  0  0  0  0  0  0
  0  0  0  0  0  0  0  0  0  0  0  0  0  0  0  0
  0 -3  3  0  0  0  0  0 -3  3  0  0  0  0  0  0
  0  0  0  0  0  0  0  0  0  0  0  0  0  0  0  0
  0.439513968120   0.693348876265

   4    4    1    3 
 1302 2031 0132 0321
   2    2    2    2 
  0  1  0 -1  0  0  0  0 -1  0  0  1  0  0  0  0
  0  0  0  0  0  0  0  0  0  0  0  0  0  0  0  0
  0 -3  0  3  0  0  0  0  3  0  0 -3  0  0  0  0
  0  0  0  0  0  0  0  0  0  0  0  0  0  0  0  0
  0.189513968120   0.693348876265

   6    6    1    6 
 1230 2031 1302 0132
   2    2    3    2 
  0  0  0  0  0  0  0  0 -1  0  0  1  0  0  0  0
  0  0  0  0  0  0  0  0  0  0  0  0  0  0  0  0
  0  0  0  0  0  0 -1  1  2  1  0 -3  0 -1  1  0
  0  0  0  0  0  0  0  0  0  0  0  0  0  0  0  0
  0.347810384780   1.028852254137

   5    5    5    3 
 1302 3012 0132 1023
   2    2    2    3 
  0  0  0  0  0  0  0  0  0  0  0  0  0  1 -1  0
  0  0  0  0  0  0  0  0  0  0  0  0  0  0  0  0
  0  0  0  0  1  0 -1  0  0  0  0  0 -1 -2  3  0
  0  0  0  0  0  0  0  0  0  0  0  0  0  0  0  0
  0.347810384780   1.028852254137

   8    8    8    1 
 2103 1023 0213 0321
   2    2    2    1 
  0  0  0  0 -1  0  0  1  0  0  0  0 -1  0  1  0
  0  0  0  0  0  0  0  0  0  0  0  0  0  0  0  0
  0  0  0  0  3  0 -1 -2  0  1  0 -1  1 -1  0  0
  0  0  0  0  0  0  0  0  0  0  0  0  0  0  0  0
  0.347810384780   1.028852254137

   7    7    7    3 
 1023 0213 2103 1230
   2    2    2    1 
  0  0  0  0  0  0  1 -1  0  0  0  0  0 -1  1  0
  0  0  0  0  0  0  0  0  0  0  0  0  0  0  0  0
  0  0  0  0  0  0 -3  3 -1  1  0  0  1  0 -1  0
  0  0  0  0  0  0  0  0  0  0  0  0  0  0  0  0
  0.705122743849   0.872271625461

