% Triangulation
newlinks/L510002
geometric_solution  12.84485300
oriented_manifold
CS_unknown

5 0
    torus   0.000000000000  -0.000000000000
    torus   0.000000000000  -0.000000000000
    torus   0.000000000000  -0.000000000000
    torus   0.000000000000  -0.000000000000
    torus   0.000000000000  -0.000000000000

14
   6   11    7    2 
 1023 0132 2103 0132
   3    3    1    2 
  0 -1  0  1  0  0  1 -1  0  1  0 -1  0  0  0  0
  0  0  0  0  0  0  0  0  0  0  0  0  0  0  0  0
  0  1  0 -1 -1  0  0  1  0 -1  0  1  1  0 -1  0
  0  0  0  0  0  0  0  0  0  0  0  0  0  0  0  0
 -0.329483540958   0.802254557557

  13    2    7   13 
 1230 0321 2031 0132
   3    1    4    3 
  0  0  1 -1 -1  0  0  1  1  0  0 -1  1  0 -1  0
  0  0  0  0  0  0  0  0  0  0  0  0  0  0  0  0
  0  0  0  0  2  0  0 -2  0 -1  0  1  0  0  0  0
  0  0  0  0  0  0  0  0  0  0  0  0  0  0  0  0
  0.386650587121   0.733855754355

  12   12    0    1 
 0321 3120 0132 0321
   3    3    4    1 
  0  1 -1  0 -1  0  1  0  0  0  0  0  0 -1  1  0
  0  0  0  0  0  0  0  0  0  0  0  0  0  0  0  0
  0 -1  1  0  1  0 -1  0 -1  0  0  1  0  1 -1  0
  0  0  0  0  0  0  0  0  0  0  0  0  0  0  0  0
  0.438042944721   1.066584229932

   5    6    9    8 
 0213 0321 2103 1230
   3    2    1    0 
  0  1 -1  0  0  0  1 -1  0  0  0  0  0  0  0  0
  0  0  0  0  0  0  0  0  0  0  0  0  0  0  0  0
  0  0  0  0  0  0 -1  1  0  0  0  0 -1  0  1  0
  0  0  0  0  0  0  0  0  0  0  0  0  0  0  0  0
  0.719021472361   0.533292114966

  10   11    9    6 
 0213 0321 2310 0132
   3    0    2    1 
  0  1  0 -1  1  0 -1  0  0  0  0  0  0  0  0  0
  0  0  0  0  0  0  0  0  0  0  0  0  0  0  0  0
  0 -1  0  1 -1  0  1  0  1  0  0 -1 -1  1  0  0
  0  0  0  0  0  0  0  0  0  0  0  0  0  0  0  0
  0.102784715200   0.665456951153

   3    6   10   11 
 0213 2031 3012 3120
   1    1    2    0 
  0  0  0  0  0  0  0  0  0  0  0  0  0  0  0  0
  0  0  0  0  0  0  0  0  0  0  0  0  0  0  0  0
  0  0  1 -1  0  0  0  0  0  0  0  0  1  0 -1  0
  0  0  0  0  0  0  0  0  0  0  0  0  0  0  0  0
  0.438042944721   1.066584229932

   5    0    4    3 
 1302 1023 0132 0321
   3    0    1    2 
  0  0  1 -1  0  0  0  0  0  0  0  0  0  0  0  0
  0  0  0  0  0  0  0  0  0  0  0  0  0  0  0  0
  0  1 -1  0  0  0  0  0  0  0  0  0  0 -1  1  0
  0  0  0  0  0  0  0  0  0  0  0  0  0  0  0  0
 -0.226698825758   1.467711508710

   0    9    8    1 
 2103 0321 0132 1302
   1    3    3    2 
  0  0  0  0 -1  0  0  1  0  1  0 -1  0 -1  1  0
  0  0  0  0  0  0  0  0  0  0  0  0  0  0  0  0
  0  0  0  0  0  0  0  0  0  0  0  0  1  0 -1  0
  0  0  0  0  0  0  0  0  0  0  0  0  0  0  0  0
  0.551392357600   0.332728475576

   3   10   12    7 
 3012 0213 0321 0132
   1    3    2    1 
  0  0  0  0  0  0  0  0  1  0  0 -1  0  0  0  0
  0  0  0  0  0  0  0  0  0  0  0  0  0  0  0  0
  0  0  0  0  0  0  0  0 -1  0  0  1  0  0  0  0
  0  0  0  0  0  0  0  0  0  0  0  0  0  0  0  0
  0.938042944721   1.066584229932

   3    4   10    7 
 2103 3201 0132 0321
   1    2    3    0 
  0  0  0  0 -1  0  0  1  1  0  0 -1  0  1 -1  0
  0  0  0  0  0  0  0  0  0  0  0  0  0  0  0  0
  0  0  0  0  1  0 -1  0  0  0  0  0 -1 -1  2  0
  0  0  0  0  0  0  0  0  0  0  0  0  0  0  0  0
 -0.226698825758   1.467711508710

   4    5    8    9 
 0213 1230 0213 0132
   1    2    0    1 
  0  0  0  0  0  0  0  0 -1  0  0  1  0  0  0  0
  0  0  0  0  0  0  0  0  0  0  0  0  0  0  0  0
  0  0  0  0 -1  0  0  1  1  1  0 -2  1 -1  0  0
  0  0  0  0  0  0  0  0  0  0  0  0  0  0  0  0
  0.386650587121   0.733855754355

   5    0   13    4 
 3120 0132 0132 0321
   3    1    2    1 
  0  1  0 -1  0  0  0  0  0  0  0  0  0 -1  1  0
  0  0  0  0  0  0  0  0  0  0  0  0  0  0  0  0
  0 -1  0  1  0  0  1 -1  0  0  0  0  1  1 -2  0
  0  0  0  0  0  0  0  0  0  0  0  0  0  0  0  0
  0.054279701881   0.934419393744

   2    2    8   13 
 0321 3120 0321 1230
   1    1    4    3 
  0  1  0 -1  0  0  0  0  0  0  0  0  1 -1  0  0
  0  0  0  0  0  0  0  0  0  0  0  0  0  0  0  0
  0 -1  0  1  0  0  0  0  1  0  0 -1 -1  1  0  0
  0  0  0  0  0  0  0  0  0  0  0  0  0  0  0  0
  0.438042944721   1.066584229932

  12    1    1   11 
 3012 3012 0132 0132
   3    1    1    4 
  0 -1  1  0  1  0 -1  0  0  1  0 -1  0 -1  1  0
  0  0  0  0  0  0  0  0  0  0  0  0  0  0  0  0
  0  0  0  0 -1  0  2 -1  0 -2  0  2  1  0 -1  0
  0  0  0  0  0  0  0  0  0  0  0  0  0  0  0  0
  0.386650587121   0.733855754355

